2 0.09544468546637744
3 0.09327548806941431
4 0.09327548806941431
5 0.09327548806941431
6 0.09327548806941431
7 0.09327548806941431
8 0.09327548806941431
9 0.09327548806941431
10 0.09327548806941431
11 0.09327548806941431
12 0.09327548806941431
13 0.09327548806941431
14 0.09327548806941431
15 0.09327548806941431
16 0.09327548806941431
17 0.09327548806941431
18 0.09327548806941431
19 0.09327548806941431
20 0.09327548806941431
21 0.09327548806941431
22 0.09327548806941431
23 0.09327548806941431
24 0.09327548806941431
25 0.09327548806941431
26 0.09327548806941431
27 0.09327548806941431
28 0.09327548806941431
29 0.09327548806941431
30 0.09327548806941431
31 0.09327548806941431
32 0.09327548806941431
33 0.09327548806941431
34 0.09327548806941431
35 0.09327548806941431
36 0.09327548806941431
37 0.09327548806941431
38 0.09327548806941431
39 0.09327548806941431
40 0.09327548806941431
41 0.09327548806941431
42 0.09327548806941431
43 0.09327548806941431
44 0.09327548806941431
45 0.09327548806941431
46 0.09327548806941431
47 0.09327548806941431
48 0.09327548806941431
49 0.09327548806941431
50 0.09327548806941431
51 0.09327548806941431
52 0.09327548806941431
53 0.09327548806941431
54 0.09327548806941431
55 0.09327548806941431
56 0.09327548806941431
57 0.09327548806941431
58 0.09327548806941431
59 0.09327548806941431
60 0.09327548806941431
61 0.09327548806941431
62 0.09327548806941431
63 0.09327548806941431
64 0.09327548806941431
65 0.09327548806941431
66 0.09327548806941431
67 0.09327548806941431
68 0.09327548806941431
69 0.09327548806941431
70 0.09327548806941431
71 0.09327548806941431
72 0.09327548806941431
73 0.09327548806941431
74 0.09327548806941431
75 0.09327548806941431
76 0.09327548806941431
77 0.09327548806941431
78 0.09327548806941431
79 0.09327548806941431
80 0.09327548806941431
81 0.09327548806941431
82 0.09327548806941431
83 0.09327548806941431
84 0.09327548806941431
85 0.09327548806941431
86 0.09327548806941431
87 0.09327548806941431
88 0.09327548806941431
89 0.09327548806941431
90 0.09327548806941431
