91 0.10629067245119306
169 0.10629067245119306
245 0.09761388286334056
323 0.09761388286334056
398 0.09978308026030369
479 0.1019522776572668
554 0.09761388286334056
630 0.09544468546637744
707 0.09544468546637744
785 0.09978308026030369
864 0.09978308026030369
939 0.09327548806941431
1014 0.09978308026030369
1092 0.09327548806941431
1168 0.1019522776572668
1247 0.09978308026030369
1322 0.09327548806941431
1398 0.09978308026030369
1476 0.09327548806941431
1548 0.09978308026030369
1631 0.09978308026030369
1707 0.09327548806941431
1780 0.09978308026030369
1862 0.09978308026030369
1940 0.09327548806941431
2017 0.09978308026030369
2095 0.09978308026030369
2170 0.09327548806941431
2245 0.09978308026030369
2327 0.09978308026030369
2410 0.09978308026030369
2492 0.09978308026030369
2561 0.09327548806941431
2635 0.0911062906724512
2711 0.09978308026030369
2792 0.09978308026030369
2875 0.09978308026030369
2946 0.09327548806941431
3021 0.0911062906724512
3097 0.09327548806941431
3175 0.09978308026030369
3252 0.09327548806941431
3326 0.09978308026030369
3408 0.09978308026030369
3491 0.09978308026030369
3574 0.09978308026030369
3655 0.09978308026030369
3723 0.09327548806941431
3796 0.09327548806941431
3872 0.0911062906724512
3957 0.09978308026030369
4039 0.09978308026030369
4120 0.09327548806941431
4205 0.09978308026030369
4273 0.09327548806941431
4355 0.09327548806941431
4438 0.09978308026030369
4508 0.09327548806941431
4579 0.0911062906724512
4652 0.09327548806941431
4735 0.09978308026030369
4821 0.1019522776572668
4889 0.09327548806941431
4963 0.09327548806941431
5039 0.09327548806941431
5123 0.09978308026030369
5205 0.09978308026030369
5274 0.09327548806941431
5349 0.09327548806941431
5425 0.09978308026030369
5505 0.09978308026030369
5580 0.09327548806941431
5654 0.09978308026030369
5734 0.09327548806941431
5813 0.09327548806941431
5888 0.09978308026030369
5964 0.09327548806941431
6041 0.09978308026030369
6117 0.09544468546637744
6195 0.09327548806941431
6271 0.09978308026030369
6348 0.09327548806941431
6421 0.09761388286334056
6502 0.09978308026030369
6582 0.09327548806941431
6667 0.09978308026030369
6750 0.09978308026030369
6830 0.09978308026030369
6901 0.09327548806941431
6973 0.09327548806941431
7048 0.09978308026030369
7123 0.09327548806941431
7198 0.09327548806941431
7275 0.09327548806941431
7351 0.09978308026030369
7431 0.09978308026030369
7506 0.09327548806941431
7582 0.09327548806941431
7659 0.0911062906724512
7733 0.09761388286334056
7815 0.09978308026030369
7892 0.09327548806941431
7970 0.09978308026030369
8046 0.09544468546637744
8123 0.09327548806941431
8201 0.09978308026030369
8280 0.09327548806941431
8355 0.09327548806941431
8431 0.09327548806941431
8508 0.09327548806941431
8589 0.09978308026030369
8665 0.09978308026030369
8740 0.09327548806941431
8814 0.09978308026030369
8892 0.09327548806941431
8969 0.09978308026030369
9046 0.09327548806941431
9123 0.09327548806941431
9200 0.09978308026030369
9276 0.09327548806941431
9354 0.09978308026030369
9430 0.09544468546637744
9511 0.09978308026030369
9585 0.09327548806941431
9662 0.09327548806941431
9744 0.09978308026030369
9818 0.09327548806941431
9896 0.09978308026030369
9970 0.09327548806941431
