35 0.09544468546637744
68 0.08893709327548807
101 0.08893709327548807
134 0.08676789587852494
167 0.08893709327548807
200 0.0911062906724512
233 0.08676789587852494
266 0.08893709327548807
299 0.0911062906724512
332 0.08459869848156182
365 0.08893709327548807
398 0.08893709327548807
431 0.0911062906724512
463 0.08459869848156182
496 0.0911062906724512
528 0.08893709327548807
561 0.08893709327548807
594 0.08893709327548807
626 0.08676789587852494
658 0.0911062906724512
691 0.08893709327548807
724 0.08676789587852494
756 0.09327548806941431
789 0.09327548806941431
822 0.09327548806941431
855 0.08893709327548807
888 0.08893709327548807
921 0.08893709327548807
954 0.08893709327548807
987 0.08676789587852494
1020 0.08676789587852494
1054 0.08893709327548807
1086 0.08893709327548807
1118 0.0911062906724512
1151 0.08676789587852494
1185 0.08893709327548807
1218 0.08676789587852494
1252 0.0911062906724512
1284 0.08676789587852494
1317 0.0911062906724512
1350 0.08893709327548807
1385 0.0911062906724512
1417 0.08676789587852494
1451 0.08893709327548807
1485 0.0911062906724512
1518 0.08676789587852494
1550 0.08676789587852494
1583 0.08893709327548807
1616 0.08676789587852494
1650 0.08676789587852494
1682 0.08676789587852494
1714 0.08676789587852494
1747 0.08893709327548807
1780 0.08676789587852494
1813 0.08893709327548807
1847 0.09327548806941431
1880 0.09327548806941431
1913 0.08893709327548807
1946 0.08893709327548807
1979 0.08893709327548807
2011 0.08676789587852494
2043 0.0911062906724512
2076 0.08893709327548807
2108 0.08893709327548807
2140 0.08893709327548807
2173 0.0911062906724512
2205 0.0911062906724512
2237 0.0911062906724512
2269 0.0911062906724512
2302 0.08676789587852494
2335 0.08893709327548807
2368 0.08893709327548807
2401 0.08676789587852494
2435 0.08893709327548807
2468 0.0911062906724512
2501 0.09327548806941431
2535 0.09327548806941431
2567 0.08459869848156182
2601 0.08893709327548807
2634 0.08459869848156182
2667 0.08893709327548807
2699 0.08459869848156182
2731 0.0911062906724512
2764 0.08893709327548807
2797 0.08893709327548807
2830 0.0911062906724512
2863 0.08459869848156182
2896 0.08893709327548807
2929 0.08893709327548807
2962 0.08676789587852494
2995 0.08893709327548807
3028 0.0911062906724512
3060 0.08893709327548807
3093 0.08893709327548807
3126 0.08893709327548807
3158 0.08893709327548807
3191 0.0911062906724512
3224 0.08893709327548807
3258 0.08893709327548807
3291 0.08676789587852494
3324 0.0911062906724512
3357 0.08676789587852494
3390 0.08893709327548807
3423 0.08893709327548807
3456 0.08676789587852494
3489 0.08893709327548807
3521 0.08893709327548807
3554 0.08893709327548807
3587 0.0911062906724512
3619 0.08893709327548807
3651 0.0911062906724512
3684 0.08893709327548807
3717 0.08893709327548807
3750 0.0911062906724512
3783 0.08893709327548807
3815 0.08676789587852494
3848 0.09327548806941431
3881 0.08893709327548807
3914 0.08893709327548807
3947 0.0911062906724512
3980 0.0911062906724512
4014 0.08893709327548807
4046 0.09327548806941431
4079 0.08893709327548807
4113 0.0911062906724512
4146 0.08893709327548807
4179 0.08676789587852494
4212 0.08676789587852494
4245 0.08893709327548807
4278 0.08893709327548807
4311 0.08893709327548807
4343 0.0911062906724512
4375 0.0911062906724512
4408 0.0911062906724512
4441 0.08459869848156182
4474 0.0911062906724512
4506 0.08893709327548807
4540 0.0911062906724512
4573 0.0911062906724512
4606 0.0911062906724512
4639 0.09327548806941431
4672 0.08893709327548807
4705 0.08676789587852494
4737 0.08893709327548807
4770 0.09327548806941431
4803 0.09327548806941431
4836 0.08893709327548807
4869 0.08893709327548807
4902 0.08893709327548807
4935 0.08676789587852494
4968 0.0911062906724512
5000 0.08893709327548807
5032 0.0911062906724512
5065 0.08893709327548807
5098 0.08676789587852494
5132 0.08893709327548807
5166 0.08893709327548807
5198 0.09327548806941431
5231 0.08893709327548807
5264 0.08676789587852494
5297 0.08676789587852494
5329 0.08893709327548807
5362 0.08893709327548807
5395 0.09327548806941431
5429 0.08676789587852494
5462 0.0911062906724512
5494 0.08893709327548807
5526 0.0911062906724512
5559 0.0911062906724512
5591 0.08676789587852494
5623 0.08676789587852494
5656 0.08893709327548807
5689 0.08893709327548807
5722 0.0911062906724512
5755 0.08893709327548807
5788 0.0911062906724512
5820 0.08893709327548807
5852 0.08893709327548807
5886 0.08893709327548807
5919 0.08893709327548807
5953 0.08893709327548807
5986 0.0911062906724512
6019 0.08676789587852494
6052 0.08676789587852494
6085 0.08893709327548807
6119 0.08893709327548807
6152 0.08893709327548807
6185 0.08676789587852494
6218 0.08676789587852494
6251 0.08893709327548807
6284 0.0911062906724512
6317 0.08676789587852494
6349 0.0911062906724512
6381 0.09327548806941431
6414 0.08893709327548807
6447 0.08893709327548807
6480 0.08676789587852494
6513 0.08893709327548807
6546 0.08893709327548807
6579 0.08676789587852494
6612 0.0911062906724512
6645 0.09327548806941431
6677 0.0911062906724512
6710 0.09327548806941431
6742 0.08893709327548807
6775 0.08893709327548807
6807 0.08893709327548807
6840 0.08893709327548807
6873 0.08893709327548807
6906 0.08893709327548807
6940 0.0911062906724512
6973 0.08459869848156182
7006 0.08893709327548807
7038 0.0911062906724512
7071 0.08893709327548807
7104 0.08676789587852494
7137 0.08893709327548807
7169 0.0911062906724512
7202 0.0911062906724512
7235 0.08893709327548807
7268 0.08893709327548807
7299 0.09327548806941431
7332 0.08676789587852494
7365 0.08459869848156182
7398 0.08459869848156182
7430 0.08893709327548807
7462 0.0911062906724512
7495 0.08676789587852494
7528 0.08893709327548807
7561 0.0911062906724512
7593 0.0911062906724512
7625 0.08893709327548807
7658 0.08893709327548807
7691 0.08893709327548807
7723 0.0911062906724512
7757 0.0911062906724512
7790 0.08893709327548807
7823 0.0911062906724512
7856 0.08676789587852494
7889 0.08893709327548807
7922 0.08676789587852494
7955 0.08893709327548807
7988 0.08676789587852494
8021 0.08676789587852494
8054 0.0911062906724512
8087 0.08893709327548807
8120 0.08676789587852494
8153 0.08893709327548807
8186 0.0911062906724512
8218 0.08893709327548807
8251 0.0911062906724512
8284 0.08893709327548807
8316 0.08893709327548807
8349 0.08676789587852494
8382 0.08893709327548807
8415 0.0911062906724512
8448 0.08893709327548807
8482 0.08459869848156182
8515 0.08676789587852494
8548 0.09327548806941431
8581 0.08676789587852494
8614 0.09327548806941431
8647 0.09327548806941431
8680 0.08893709327548807
8712 0.08893709327548807
8745 0.08893709327548807
8777 0.09327548806941431
8810 0.0911062906724512
8843 0.08893709327548807
8876 0.08459869848156182
8910 0.08893709327548807
8942 0.08893709327548807
8974 0.09327548806941431
9007 0.09327548806941431
9040 0.09544468546637744
9073 0.0911062906724512
9106 0.0911062906724512
9139 0.09327548806941431
9172 0.0911062906724512
9205 0.08893709327548807
9238 0.09327548806941431
9271 0.0911062906724512
9304 0.08893709327548807
9337 0.09327548806941431
9370 0.08893709327548807
9404 0.09327548806941431
9437 0.08893709327548807
9470 0.08893709327548807
9503 0.0911062906724512
9535 0.08676789587852494
9568 0.08893709327548807
9601 0.08676789587852494
9633 0.0911062906724512
9665 0.08893709327548807
9699 0.08893709327548807
9732 0.08893709327548807
9765 0.09327548806941431
9798 0.08893709327548807
9831 0.08893709327548807
9864 0.0911062906724512
9897 0.08893709327548807
9929 0.08676789587852494
9961 0.08893709327548807
9994 0.09544468546637744
