2 0.09761388286334056
3 0.09544468546637744
4 0.09327548806941431
5 0.09327548806941431
6 0.09327548806941431
7 0.09327548806941431
8 0.09327548806941431
9 0.09327548806941431
10 0.09327548806941431
11 0.09327548806941431
12 0.09327548806941431
13 0.09327548806941431
14 0.09327548806941431
15 0.09327548806941431
16 0.09327548806941431
17 0.09327548806941431
18 0.09327548806941431
19 0.09327548806941431
20 0.09327548806941431
21 0.09327548806941431
22 0.09327548806941431
23 0.09327548806941431
24 0.0911062906724512
25 0.0911062906724512
26 0.0911062906724512
27 0.0911062906724512
28 0.0911062906724512
29 0.0911062906724512
30 0.0911062906724512
31 0.0911062906724512
32 0.0911062906724512
33 0.0911062906724512
34 0.0911062906724512
35 0.0911062906724512
36 0.0911062906724512
37 0.0911062906724512
38 0.0911062906724512
39 0.0911062906724512
40 0.0911062906724512
41 0.0911062906724512
42 0.0911062906724512
43 0.0911062906724512
44 0.0911062906724512
45 0.0911062906724512
46 0.0911062906724512
47 0.0911062906724512
48 0.0911062906724512
49 0.0911062906724512
50 0.0911062906724512
51 0.0911062906724512
52 0.0911062906724512
53 0.0911062906724512
54 0.0911062906724512
55 0.0911062906724512
56 0.0911062906724512
57 0.0911062906724512
58 0.0911062906724512
59 0.0911062906724512
60 0.0911062906724512
61 0.0911062906724512
62 0.0911062906724512
63 0.0911062906724512
64 0.0911062906724512
65 0.0911062906724512
66 0.0911062906724512
67 0.0911062906724512
68 0.0911062906724512
69 0.0911062906724512
70 0.0911062906724512
71 0.0911062906724512
72 0.0911062906724512
73 0.0911062906724512
74 0.0911062906724512
75 0.0911062906724512
76 0.0911062906724512
77 0.0911062906724512
78 0.0911062906724512
79 0.0911062906724512
80 0.0911062906724512
81 0.0911062906724512
82 0.0911062906724512
83 0.0911062906724512
84 0.0911062906724512
85 0.0911062906724512
86 0.0911062906724512
87 0.0911062906724512
88 0.0911062906724512
89 0.0911062906724512
90 0.0911062906724512
