35 0.09327548806941431
68 0.0911062906724512
101 0.0911062906724512
134 0.0911062906724512
167 0.0911062906724512
199 0.0911062906724512
232 0.0911062906724512
265 0.0911062906724512
298 0.0911062906724512
331 0.0911062906724512
364 0.0911062906724512
396 0.0911062906724512
429 0.0911062906724512
462 0.0911062906724512
494 0.0911062906724512
527 0.0911062906724512
560 0.0911062906724512
593 0.0911062906724512
626 0.0911062906724512
659 0.0911062906724512
692 0.0911062906724512
725 0.0911062906724512
758 0.0911062906724512
791 0.0911062906724512
824 0.0911062906724512
857 0.0911062906724512
890 0.0911062906724512
923 0.0911062906724512
956 0.0911062906724512
989 0.0911062906724512
1022 0.0911062906724512
1055 0.0911062906724512
1088 0.0911062906724512
1121 0.0911062906724512
1154 0.0911062906724512
1187 0.0911062906724512
1220 0.0911062906724512
1253 0.0911062906724512
1286 0.0911062906724512
1319 0.0911062906724512
1352 0.0911062906724512
1385 0.0911062906724512
1418 0.0911062906724512
1451 0.0911062906724512
1484 0.0911062906724512
1517 0.0911062906724512
1550 0.0911062906724512
1583 0.0911062906724512
1616 0.0911062906724512
1649 0.0911062906724512
1682 0.0911062906724512
1715 0.0911062906724512
1748 0.0911062906724512
1781 0.0911062906724512
1814 0.0911062906724512
1847 0.0911062906724512
1880 0.0911062906724512
1913 0.0911062906724512
1946 0.0911062906724512
1979 0.0911062906724512
2012 0.0911062906724512
2045 0.0911062906724512
2078 0.0911062906724512
2110 0.0911062906724512
2143 0.0911062906724512
2176 0.0911062906724512
2209 0.0911062906724512
2242 0.0911062906724512
2275 0.0911062906724512
2308 0.0911062906724512
2341 0.0911062906724512
2374 0.0911062906724512
2407 0.0911062906724512
2440 0.0911062906724512
2473 0.0911062906724512
2506 0.0911062906724512
2539 0.0911062906724512
2572 0.0911062906724512
2605 0.0911062906724512
2638 0.0911062906724512
2671 0.0911062906724512
2704 0.0911062906724512
2737 0.0911062906724512
2770 0.0911062906724512
2803 0.0911062906724512
2836 0.0911062906724512
2869 0.0911062906724512
2902 0.0911062906724512
2935 0.0911062906724512
2968 0.0911062906724512
3001 0.0911062906724512
3034 0.0911062906724512
3067 0.0911062906724512
3100 0.0911062906724512
3133 0.0911062906724512
3166 0.0911062906724512
3199 0.0911062906724512
3231 0.0911062906724512
3264 0.0911062906724512
3297 0.0911062906724512
3330 0.0911062906724512
3362 0.0911062906724512
3395 0.0911062906724512
3428 0.0911062906724512
3461 0.0911062906724512
3494 0.0911062906724512
3527 0.0911062906724512
3560 0.0911062906724512
3593 0.0911062906724512
3626 0.0911062906724512
3659 0.0911062906724512
3692 0.0911062906724512
3725 0.0911062906724512
3758 0.0911062906724512
3791 0.0911062906724512
3824 0.0911062906724512
3857 0.0911062906724512
3890 0.0911062906724512
3923 0.0911062906724512
3956 0.0911062906724512
3989 0.0911062906724512
4022 0.0911062906724512
4055 0.0911062906724512
4087 0.0911062906724512
4120 0.0911062906724512
4153 0.0911062906724512
4186 0.0911062906724512
4219 0.0911062906724512
4252 0.0911062906724512
4285 0.0911062906724512
4318 0.0911062906724512
4351 0.0911062906724512
4384 0.0911062906724512
4417 0.0911062906724512
4450 0.0911062906724512
4483 0.0911062906724512
4516 0.0911062906724512
4549 0.0911062906724512
4582 0.0911062906724512
4615 0.0911062906724512
4648 0.0911062906724512
4681 0.0911062906724512
4714 0.0911062906724512
4747 0.0911062906724512
4780 0.0911062906724512
4813 0.0911062906724512
4846 0.0911062906724512
4879 0.0911062906724512
4912 0.0911062906724512
4945 0.0911062906724512
4978 0.0911062906724512
5011 0.0911062906724512
5044 0.0911062906724512
5077 0.0911062906724512
5110 0.0911062906724512
5143 0.0911062906724512
5176 0.0911062906724512
5209 0.0911062906724512
5242 0.0911062906724512
5275 0.0911062906724512
5308 0.0911062906724512
5341 0.0911062906724512
5374 0.0911062906724512
5407 0.0911062906724512
5440 0.0911062906724512
5473 0.0911062906724512
5506 0.0911062906724512
5539 0.0911062906724512
5572 0.0911062906724512
5605 0.0911062906724512
5638 0.0911062906724512
5671 0.0911062906724512
5704 0.0911062906724512
5737 0.0911062906724512
5770 0.0911062906724512
5803 0.0911062906724512
5836 0.0911062906724512
5869 0.0911062906724512
5902 0.0911062906724512
5935 0.0911062906724512
5968 0.0911062906724512
6001 0.0911062906724512
6034 0.0911062906724512
6067 0.0911062906724512
6100 0.0911062906724512
6133 0.0911062906724512
6166 0.0911062906724512
6199 0.0911062906724512
6232 0.0911062906724512
6265 0.0911062906724512
6298 0.0911062906724512
6331 0.0911062906724512
6364 0.0911062906724512
6397 0.0911062906724512
6430 0.0911062906724512
6463 0.0911062906724512
6496 0.0911062906724512
6529 0.0911062906724512
6562 0.0911062906724512
6595 0.0911062906724512
6628 0.0911062906724512
6661 0.0911062906724512
6694 0.0911062906724512
6727 0.0911062906724512
6760 0.0911062906724512
6793 0.0911062906724512
6826 0.0911062906724512
6859 0.0911062906724512
6892 0.0911062906724512
6925 0.0911062906724512
6958 0.0911062906724512
6991 0.0911062906724512
7024 0.0911062906724512
7057 0.0911062906724512
7090 0.0911062906724512
7123 0.0911062906724512
7156 0.0911062906724512
7189 0.0911062906724512
7222 0.0911062906724512
7255 0.0911062906724512
7288 0.0911062906724512
7321 0.0911062906724512
7353 0.0911062906724512
7386 0.0911062906724512
7419 0.0911062906724512
7452 0.0911062906724512
7485 0.0911062906724512
7517 0.0911062906724512
7550 0.0911062906724512
7583 0.0911062906724512
7616 0.0911062906724512
7649 0.0911062906724512
7682 0.0911062906724512
7715 0.0911062906724512
7748 0.0911062906724512
7781 0.0911062906724512
7814 0.0911062906724512
7847 0.0911062906724512
7880 0.0911062906724512
7913 0.0911062906724512
7946 0.0911062906724512
7979 0.0911062906724512
8012 0.0911062906724512
8045 0.0911062906724512
8078 0.0911062906724512
8111 0.0911062906724512
8144 0.0911062906724512
8177 0.0911062906724512
8210 0.0911062906724512
8243 0.0911062906724512
8276 0.0911062906724512
8309 0.0911062906724512
8342 0.0911062906724512
8375 0.0911062906724512
8408 0.0911062906724512
8441 0.0911062906724512
8474 0.0911062906724512
8507 0.0911062906724512
8540 0.0911062906724512
8573 0.0911062906724512
8606 0.0911062906724512
8639 0.0911062906724512
8672 0.0911062906724512
8705 0.0911062906724512
8738 0.0911062906724512
8771 0.0911062906724512
8804 0.0911062906724512
8837 0.0911062906724512
8870 0.0911062906724512
8903 0.0911062906724512
8936 0.0911062906724512
8969 0.0911062906724512
9002 0.0911062906724512
9035 0.0911062906724512
9068 0.0911062906724512
9101 0.0911062906724512
9134 0.0911062906724512
9167 0.0911062906724512
9200 0.0911062906724512
9233 0.0911062906724512
9266 0.0911062906724512
9299 0.0911062906724512
9332 0.0911062906724512
9365 0.0911062906724512
9398 0.0911062906724512
9431 0.0911062906724512
9464 0.0911062906724512
9497 0.0911062906724512
9530 0.0911062906724512
9563 0.0911062906724512
9596 0.0911062906724512
9629 0.0911062906724512
9662 0.0911062906724512
9695 0.0911062906724512
9728 0.0911062906724512
9761 0.0911062906724512
9794 0.0911062906724512
9827 0.0911062906724512
9860 0.0911062906724512
9893 0.0911062906724512
9926 0.0911062906724512
9959 0.0911062906724512
9992 0.0911062906724512
