42 0.09544468546637744
80 0.09327548806941431
118 0.09327548806941431
156 0.09327548806941431
195 0.09327548806941431
234 0.09327548806941431
272 0.0911062906724512
310 0.09327548806941431
348 0.09327548806941431
386 0.09327548806941431
424 0.09327548806941431
462 0.09327548806941431
500 0.09327548806941431
538 0.09327548806941431
576 0.09327548806941431
614 0.09327548806941431
653 0.09327548806941431
691 0.09327548806941431
730 0.09544468546637744
768 0.09327548806941431
806 0.09327548806941431
845 0.09327548806941431
883 0.09327548806941431
921 0.09327548806941431
960 0.09327548806941431
999 0.09327548806941431
1037 0.09544468546637744
1075 0.09544468546637744
1113 0.09327548806941431
1151 0.09544468546637744
1189 0.09327548806941431
1227 0.09327548806941431
1266 0.0911062906724512
1304 0.09327548806941431
1342 0.09327548806941431
1381 0.09327548806941431
1419 0.09327548806941431
1457 0.09327548806941431
1495 0.09327548806941431
1533 0.09327548806941431
1572 0.09327548806941431
1610 0.09327548806941431
1649 0.09327548806941431
1688 0.09327548806941431
1726 0.09327548806941431
1765 0.09327548806941431
1803 0.09327548806941431
1842 0.09327548806941431
1880 0.09327548806941431
1918 0.09327548806941431
1956 0.09327548806941431
1994 0.09327548806941431
2032 0.09544468546637744
2070 0.09544468546637744
2108 0.0911062906724512
2146 0.09327548806941431
2185 0.09327548806941431
2223 0.09544468546637744
2262 0.0911062906724512
2300 0.09327548806941431
2338 0.09327548806941431
2376 0.0911062906724512
2414 0.09327548806941431
2453 0.09327548806941431
2491 0.09327548806941431
2529 0.0911062906724512
2568 0.09327548806941431
2606 0.09327548806941431
2644 0.09327548806941431
2682 0.09327548806941431
2721 0.09327548806941431
2759 0.09327548806941431
2797 0.09327548806941431
2836 0.09327548806941431
2874 0.09327548806941431
2912 0.09327548806941431
2950 0.09327548806941431
2989 0.09327548806941431
3027 0.0911062906724512
3065 0.09544468546637744
3103 0.09327548806941431
3141 0.09544468546637744
3179 0.09327548806941431
3218 0.09327548806941431
3256 0.09327548806941431
3294 0.09544468546637744
3332 0.09327548806941431
3370 0.09327548806941431
3408 0.09327548806941431
3447 0.0911062906724512
3485 0.09544468546637744
3523 0.09327548806941431
3561 0.0911062906724512
3599 0.09327548806941431
3637 0.09327548806941431
3675 0.09327548806941431
3713 0.0911062906724512
3751 0.09327548806941431
3789 0.09327548806941431
3827 0.09544468546637744
3865 0.09327548806941431
3904 0.09327548806941431
3942 0.09327548806941431
3981 0.09327548806941431
4020 0.09544468546637744
4058 0.09327548806941431
4096 0.09327548806941431
4134 0.09544468546637744
4173 0.09327548806941431
4211 0.09327548806941431
4249 0.09327548806941431
4287 0.09327548806941431
4326 0.09327548806941431
4365 0.09544468546637744
4403 0.09327548806941431
4442 0.0911062906724512
4480 0.09327548806941431
4518 0.09327548806941431
4556 0.09327548806941431
4594 0.0911062906724512
4632 0.09327548806941431
4670 0.09327548806941431
4709 0.09327548806941431
4747 0.09327548806941431
4786 0.0911062906724512
4824 0.09327548806941431
4862 0.09327548806941431
4900 0.09327548806941431
4938 0.09327548806941431
4976 0.09327548806941431
5014 0.09327548806941431
5052 0.09327548806941431
5090 0.09327548806941431
5128 0.09327548806941431
5166 0.09544468546637744
5204 0.0911062906724512
5242 0.09327548806941431
5281 0.0911062906724512
5319 0.09327548806941431
5357 0.09327548806941431
5395 0.09327548806941431
5434 0.09327548806941431
5472 0.09327548806941431
5510 0.09327548806941431
5549 0.09544468546637744
5588 0.09327548806941431
5626 0.0911062906724512
5665 0.09544468546637744
5704 0.09327548806941431
5742 0.09327548806941431
5780 0.09327548806941431
5818 0.09327548806941431
5857 0.09327548806941431
5895 0.09327548806941431
5932 0.09327548806941431
5970 0.09327548806941431
6009 0.09544468546637744
6047 0.09327548806941431
6085 0.0911062906724512
6123 0.09544468546637744
6161 0.09327548806941431
6199 0.09327548806941431
6238 0.09327548806941431
6276 0.09327548806941431
6314 0.09327548806941431
6351 0.09327548806941431
6389 0.09327548806941431
6428 0.09327548806941431
6466 0.09327548806941431
6504 0.09327548806941431
6543 0.09544468546637744
6581 0.09327548806941431
6619 0.09544468546637744
6657 0.09327548806941431
6695 0.09327548806941431
6733 0.0911062906724512
6771 0.09327548806941431
6809 0.09327548806941431
6847 0.09544468546637744
6885 0.09327548806941431
6923 0.09327548806941431
6961 0.0911062906724512
7000 0.09327548806941431
7038 0.09544468546637744
7077 0.09327548806941431
7115 0.09327548806941431
7154 0.09327548806941431
7193 0.09327548806941431
7232 0.09327548806941431
7270 0.09327548806941431
7308 0.09327548806941431
7346 0.09327548806941431
7385 0.09327548806941431
7423 0.09327548806941431
7461 0.09327548806941431
7499 0.09327548806941431
7537 0.09327548806941431
7576 0.09327548806941431
7614 0.09327548806941431
7652 0.0911062906724512
7690 0.09327548806941431
7728 0.09327548806941431
7766 0.09327548806941431
7805 0.0911062906724512
7843 0.09327548806941431
7881 0.09544468546637744
7919 0.09544468546637744
7957 0.09327548806941431
7996 0.09327548806941431
8034 0.09327548806941431
8072 0.09327548806941431
8110 0.09327548806941431
8148 0.0911062906724512
8186 0.09327548806941431
8224 0.09544468546637744
8261 0.09327548806941431
8299 0.09327548806941431
8338 0.0911062906724512
8376 0.09544468546637744
8414 0.09327548806941431
8453 0.09327548806941431
8491 0.09327548806941431
8529 0.09544468546637744
8568 0.0911062906724512
8607 0.0911062906724512
8645 0.09327548806941431
8683 0.09327548806941431
8721 0.09327548806941431
8759 0.09327548806941431
8797 0.09544468546637744
8835 0.0911062906724512
8873 0.09327548806941431
8912 0.09544468546637744
8951 0.0911062906724512
8989 0.09327548806941431
9028 0.0911062906724512
9066 0.09327548806941431
9104 0.09327548806941431
9142 0.09327548806941431
9180 0.09327548806941431
9219 0.09327548806941431
9258 0.09327548806941431
9296 0.09327548806941431
9335 0.0911062906724512
9373 0.09327548806941431
9411 0.09327548806941431
9449 0.09327548806941431
9488 0.0911062906724512
9526 0.09327548806941431
9565 0.09327548806941431
9603 0.09327548806941431
9641 0.0911062906724512
9679 0.09327548806941431
9717 0.09327548806941431
9755 0.09327548806941431
9793 0.09327548806941431
9831 0.09327548806941431
9870 0.09327548806941431
9908 0.09327548806941431
9946 0.09327548806941431
9985 0.09327548806941431
