41 0.09978308026030369
81 0.09327548806941431
120 0.0911062906724512
160 0.09327548806941431
200 0.0911062906724512
240 0.0911062906724512
280 0.09327548806941431
320 0.0911062906724512
359 0.0911062906724512
398 0.09327548806941431
437 0.0911062906724512
476 0.0911062906724512
516 0.08893709327548807
555 0.08893709327548807
595 0.09327548806941431
634 0.09327548806941431
673 0.09327548806941431
713 0.09327548806941431
753 0.0911062906724512
793 0.09327548806941431
832 0.09327548806941431
871 0.09544468546637744
910 0.09327548806941431
950 0.09327548806941431
990 0.09544468546637744
1029 0.0911062906724512
1069 0.09327548806941431
1108 0.08893709327548807
1147 0.09544468546637744
1187 0.09544468546637744
1227 0.0911062906724512
1267 0.09327548806941431
1306 0.0911062906724512
1346 0.0911062906724512
1385 0.0911062906724512
1424 0.09544468546637744
1464 0.09327548806941431
1503 0.08893709327548807
1542 0.09544468546637744
1582 0.0911062906724512
1622 0.09327548806941431
1661 0.0911062906724512
1701 0.09327548806941431
1740 0.09327548806941431
1780 0.09544468546637744
1820 0.09544468546637744
1860 0.09327548806941431
1899 0.0911062906724512
1938 0.09327548806941431
1978 0.09327548806941431
2018 0.09327548806941431
2058 0.09761388286334056
2098 0.09327548806941431
2138 0.0911062906724512
2178 0.09327548806941431
2218 0.09327548806941431
2258 0.09327548806941431
2298 0.08893709327548807
2337 0.0911062906724512
2376 0.0911062906724512
2416 0.08893709327548807
2455 0.09327548806941431
2495 0.09327548806941431
2535 0.0911062906724512
2574 0.0911062906724512
2613 0.08893709327548807
2653 0.0911062906724512
2692 0.09327548806941431
2731 0.0911062906724512
2770 0.0911062906724512
2810 0.08893709327548807
2850 0.09327548806941431
2889 0.08893709327548807
2929 0.09327548806941431
2968 0.09327548806941431
3007 0.09327548806941431
3047 0.0911062906724512
3087 0.0911062906724512
3127 0.09544468546637744
3167 0.09327548806941431
3207 0.0911062906724512
3246 0.09327548806941431
3285 0.09327548806941431
3325 0.09327548806941431
3365 0.09327548806941431
3403 0.09327548806941431
3443 0.0911062906724512
3482 0.08893709327548807
3522 0.09327548806941431
3561 0.0911062906724512
3600 0.09544468546637744
3640 0.08893709327548807
3679 0.08893709327548807
3718 0.09327548806941431
3758 0.09544468546637744
3797 0.08893709327548807
3837 0.0911062906724512
3876 0.09327548806941431
3916 0.0911062906724512
3956 0.08893709327548807
3994 0.09327548806941431
4034 0.09761388286334056
4074 0.09544468546637744
4113 0.08893709327548807
4152 0.08459869848156182
4191 0.0911062906724512
4230 0.09544468546637744
4270 0.0911062906724512
4309 0.09544468546637744
4348 0.0911062906724512
4388 0.0911062906724512
4427 0.09327548806941431
4466 0.09327548806941431
4505 0.09327548806941431
4546 0.09544468546637744
4586 0.09327548806941431
4626 0.0911062906724512
4667 0.09544468546637744
4706 0.0911062906724512
4746 0.09544468546637744
4786 0.09327548806941431
4825 0.08676789587852494
4865 0.09327548806941431
4904 0.08893709327548807
4944 0.09327548806941431
4983 0.0911062906724512
5023 0.09327548806941431
5063 0.09327548806941431
5103 0.0911062906724512
5142 0.0911062906724512
5181 0.0911062906724512
5220 0.09544468546637744
5260 0.09544468546637744
5299 0.08893709327548807
5339 0.0911062906724512
5378 0.0911062906724512
5417 0.09327548806941431
5456 0.0911062906724512
5495 0.0911062906724512
5535 0.09544468546637744
5574 0.0911062906724512
5614 0.09544468546637744
5653 0.09327548806941431
5693 0.0911062906724512
5733 0.09544468546637744
5773 0.09327548806941431
5812 0.0911062906724512
5852 0.0911062906724512
5891 0.08893709327548807
5930 0.08893709327548807
5970 0.09327548806941431
6008 0.08893709327548807
6047 0.08893709327548807
6087 0.09327548806941431
6127 0.09327548806941431
6166 0.09327548806941431
6206 0.09327548806941431
6246 0.09327548806941431
6286 0.09327548806941431
6325 0.08893709327548807
6365 0.0911062906724512
6404 0.09544468546637744
6444 0.0911062906724512
6484 0.08893709327548807
6524 0.09327548806941431
6564 0.09327548806941431
6603 0.08893709327548807
6643 0.09544468546637744
6682 0.08893709327548807
6721 0.08676789587852494
6760 0.09544468546637744
6800 0.09327548806941431
6840 0.09544468546637744
6879 0.09327548806941431
6919 0.0911062906724512
6959 0.09327548806941431
6999 0.08459869848156182
7038 0.08893709327548807
7078 0.09327548806941431
7118 0.0911062906724512
7157 0.0911062906724512
7197 0.0911062906724512
7237 0.0911062906724512
7277 0.09544468546637744
7317 0.09327548806941431
7356 0.08893709327548807
7396 0.09327548806941431
7435 0.09327548806941431
7475 0.09327548806941431
7513 0.08459869848156182
7553 0.09327548806941431
7593 0.09544468546637744
7633 0.09327548806941431
7672 0.0911062906724512
7712 0.08893709327548807
7752 0.09327548806941431
7791 0.08676789587852494
7830 0.0911062906724512
7869 0.0911062906724512
7909 0.09544468546637744
7949 0.09327548806941431
7988 0.09327548806941431
8026 0.0911062906724512
8066 0.09544468546637744
8106 0.0911062906724512
8146 0.09327548806941431
8186 0.09544468546637744
8226 0.09761388286334056
8266 0.09544468546637744
8306 0.09761388286334056
8345 0.0911062906724512
8384 0.09327548806941431
8423 0.09327548806941431
8463 0.09327548806941431
8502 0.09327548806941431
8542 0.0911062906724512
8582 0.08459869848156182
8621 0.0911062906724512
8661 0.09327548806941431
8701 0.09327548806941431
8740 0.08893709327548807
8779 0.0911062906724512
8818 0.09327548806941431
8857 0.08893709327548807
8896 0.09327548806941431
8935 0.0911062906724512
8975 0.09544468546637744
9014 0.0911062906724512
9054 0.09761388286334056
9094 0.09544468546637744
9134 0.09327548806941431
9173 0.08893709327548807
9212 0.0911062906724512
9252 0.09327548806941431
9291 0.09327548806941431
9330 0.08676789587852494
9369 0.0911062906724512
9409 0.0911062906724512
9448 0.0911062906724512
9487 0.08676789587852494
9527 0.09327548806941431
9565 0.09327548806941431
9605 0.09544468546637744
9645 0.09761388286334056
9684 0.09327548806941431
9724 0.08893709327548807
9764 0.09327548806941431
9804 0.09327548806941431
9844 0.0911062906724512
9884 0.09544468546637744
9924 0.0911062906724512
9964 0.09327548806941431
