46 0.08676789587852494
87 0.08676789587852494
128 0.08676789587852494
169 0.08676789587852494
209 0.08893709327548807
248 0.08893709327548807
289 0.08676789587852494
330 0.08893709327548807
370 0.08893709327548807
411 0.08893709327548807
452 0.08893709327548807
493 0.08893709327548807
533 0.08893709327548807
573 0.08893709327548807
612 0.08893709327548807
653 0.08893709327548807
693 0.08893709327548807
735 0.08676789587852494
775 0.08893709327548807
815 0.08893709327548807
855 0.08893709327548807
896 0.08893709327548807
936 0.08893709327548807
977 0.08893709327548807
1017 0.0911062906724512
1058 0.08893709327548807
1097 0.08893709327548807
1136 0.0911062906724512
1177 0.08893709327548807
1218 0.08676789587852494
1260 0.08893709327548807
1300 0.08893709327548807
1339 0.08676789587852494
1380 0.08893709327548807
1419 0.08893709327548807
1460 0.08893709327548807
1501 0.08676789587852494
1541 0.08893709327548807
1582 0.08893709327548807
1623 0.08893709327548807
1664 0.08676789587852494
1705 0.08893709327548807
1746 0.0911062906724512
1786 0.08893709327548807
1825 0.08893709327548807
1864 0.08893709327548807
1903 0.0911062906724512
1944 0.08893709327548807
1987 0.08893709327548807
2029 0.08893709327548807
2070 0.08893709327548807
2110 0.08893709327548807
2149 0.08893709327548807
2189 0.08893709327548807
2228 0.08893709327548807
2267 0.08676789587852494
2308 0.08676789587852494
2350 0.0911062906724512
2389 0.08676789587852494
2429 0.08893709327548807
2468 0.08893709327548807
2509 0.08893709327548807
2550 0.08893709327548807
2589 0.08676789587852494
2629 0.08893709327548807
2669 0.08893709327548807
2711 0.08676789587852494
2751 0.08893709327548807
2790 0.08893709327548807
2829 0.0911062906724512
2869 0.08676789587852494
2909 0.08893709327548807
2948 0.08893709327548807
2989 0.08893709327548807
3030 0.08893709327548807
3070 0.08676789587852494
3109 0.08893709327548807
3151 0.08676789587852494
3192 0.08893709327548807
3233 0.08676789587852494
3272 0.08893709327548807
3313 0.08676789587852494
3353 0.08893709327548807
3393 0.08893709327548807
3433 0.08676789587852494
3474 0.08893709327548807
3516 0.08893709327548807
3557 0.0911062906724512
3595 0.08893709327548807
3633 0.08893709327548807
3672 0.08893709327548807
3712 0.08676789587852494
3752 0.08893709327548807
3792 0.08893709327548807
3832 0.08893709327548807
3872 0.08893709327548807
3914 0.08893709327548807
3955 0.08893709327548807
3996 0.08676789587852494
4036 0.08893709327548807
4076 0.08676789587852494
4115 0.08893709327548807
4156 0.08893709327548807
4196 0.08676789587852494
4235 0.08893709327548807
4275 0.08893709327548807
4315 0.08893709327548807
4356 0.08893709327548807
4396 0.08893709327548807
4435 0.08893709327548807
4476 0.08893709327548807
4517 0.08893709327548807
4557 0.08893709327548807
4597 0.08676789587852494
4637 0.08893709327548807
4677 0.08893709327548807
4718 0.08893709327548807
4758 0.08676789587852494
4797 0.08893709327548807
4837 0.08893709327548807
4877 0.08893709327548807
4919 0.08893709327548807
4961 0.08893709327548807
5002 0.08676789587852494
5042 0.08893709327548807
5083 0.08893709327548807
5122 0.08893709327548807
5162 0.08893709327548807
5202 0.08676789587852494
5242 0.08893709327548807
5282 0.08893709327548807
5323 0.08676789587852494
5362 0.08893709327548807
5404 0.08893709327548807
5446 0.08893709327548807
5486 0.08676789587852494
5525 0.08893709327548807
5564 0.0911062906724512
5604 0.08893709327548807
5644 0.08893709327548807
5684 0.08893709327548807
5724 0.08893709327548807
5764 0.08893709327548807
5804 0.08893709327548807
5843 0.08893709327548807
5883 0.08893709327548807
5922 0.08676789587852494
5963 0.08893709327548807
6004 0.08893709327548807
6043 0.08893709327548807
6084 0.08893709327548807
6126 0.08893709327548807
6167 0.08676789587852494
6206 0.08893709327548807
6245 0.08893709327548807
6283 0.08676789587852494
6325 0.08893709327548807
6365 0.08893709327548807
6404 0.08893709327548807
6445 0.08676789587852494
6485 0.08893709327548807
6525 0.08893709327548807
6566 0.08893709327548807
6607 0.08676789587852494
6648 0.08893709327548807
6689 0.08893709327548807
6729 0.08893709327548807
6768 0.08893709327548807
6809 0.08893709327548807
6848 0.08893709327548807
6889 0.0911062906724512
6930 0.0911062906724512
6969 0.08893709327548807
7008 0.0911062906724512
7049 0.0911062906724512
7089 0.08893709327548807
7129 0.08893709327548807
7168 0.08893709327548807
7209 0.08893709327548807
7250 0.08893709327548807
7291 0.08676789587852494
7330 0.08893709327548807
7370 0.08893709327548807
7410 0.08893709327548807
7451 0.08893709327548807
7491 0.08893709327548807
7531 0.08893709327548807
7571 0.08893709327548807
7612 0.08893709327548807
7652 0.08893709327548807
7691 0.08893709327548807
7731 0.08676789587852494
7772 0.08893709327548807
7813 0.08893709327548807
7854 0.08676789587852494
7893 0.08893709327548807
7932 0.08893709327548807
7971 0.08893709327548807
8010 0.08893709327548807
8051 0.08676789587852494
8093 0.08893709327548807
8133 0.08893709327548807
8173 0.08893709327548807
8214 0.0911062906724512
8254 0.08893709327548807
8294 0.08676789587852494
8335 0.08893709327548807
8375 0.08893709327548807
8415 0.08893709327548807
8454 0.08893709327548807
8493 0.08893709327548807
8533 0.08893709327548807
8572 0.08676789587852494
8611 0.08893709327548807
8651 0.08893709327548807
8692 0.08676789587852494
8731 0.08676789587852494
8772 0.08893709327548807
8812 0.08893709327548807
8853 0.08893709327548807
8894 0.08893709327548807
8935 0.08893709327548807
8975 0.08676789587852494
9016 0.08893709327548807
9056 0.08676789587852494
9097 0.08893709327548807
9138 0.0911062906724512
9178 0.08893709327548807
9218 0.08893709327548807
9258 0.08893709327548807
9298 0.08893709327548807
9336 0.08893709327548807
9376 0.08893709327548807
9417 0.08893709327548807
9458 0.0911062906724512
9497 0.08893709327548807
9537 0.08893709327548807
9578 0.0911062906724512
9621 0.08893709327548807
9661 0.08893709327548807
9701 0.08893709327548807
9742 0.08893709327548807
9783 0.08893709327548807
9823 0.08893709327548807
9863 0.08893709327548807
9902 0.08893709327548807
9941 0.08893709327548807
9981 0.08893709327548807
