31 0.09544468546637744
60 0.08893709327548807
90 0.08893709327548807
120 0.08893709327548807
150 0.08893709327548807
179 0.08893709327548807
209 0.08893709327548807
239 0.08893709327548807
269 0.08893709327548807
299 0.0911062906724512
328 0.08893709327548807
358 0.08893709327548807
388 0.08893709327548807
418 0.08893709327548807
448 0.08893709327548807
477 0.08893709327548807
507 0.08893709327548807
536 0.08893709327548807
566 0.08893709327548807
596 0.08893709327548807
626 0.0911062906724512
655 0.08893709327548807
685 0.08893709327548807
715 0.08893709327548807
745 0.08893709327548807
775 0.08893709327548807
805 0.08893709327548807
835 0.08893709327548807
865 0.08893709327548807
895 0.08893709327548807
925 0.08893709327548807
954 0.08893709327548807
984 0.08893709327548807
1014 0.08893709327548807
1044 0.08893709327548807
1074 0.08893709327548807
1104 0.08893709327548807
1134 0.08893709327548807
1164 0.08893709327548807
1194 0.08893709327548807
1224 0.08893709327548807
1254 0.08893709327548807
1284 0.08893709327548807
1314 0.08893709327548807
1344 0.08893709327548807
1373 0.08893709327548807
1402 0.08893709327548807
1432 0.08893709327548807
1461 0.08893709327548807
1491 0.08893709327548807
1520 0.08893709327548807
1550 0.08893709327548807
1580 0.08893709327548807
1610 0.08893709327548807
1640 0.08893709327548807
1670 0.08893709327548807
1699 0.08893709327548807
1728 0.08893709327548807
1757 0.08893709327548807
1786 0.08893709327548807
1816 0.08893709327548807
1846 0.08893709327548807
1876 0.08893709327548807
1906 0.08893709327548807
1936 0.08893709327548807
1965 0.08893709327548807
1994 0.08893709327548807
2024 0.08893709327548807
2054 0.0911062906724512
2084 0.08893709327548807
2113 0.08893709327548807
2143 0.08893709327548807
2173 0.08893709327548807
2203 0.08893709327548807
2233 0.08893709327548807
2262 0.08893709327548807
2292 0.0911062906724512
2322 0.08893709327548807
2351 0.08893709327548807
2380 0.08893709327548807
2410 0.08893709327548807
2440 0.08893709327548807
2470 0.08893709327548807
2499 0.08893709327548807
2529 0.08893709327548807
2559 0.08893709327548807
2588 0.08893709327548807
2618 0.0911062906724512
2648 0.08893709327548807
2678 0.08893709327548807
2708 0.08893709327548807
2738 0.08893709327548807
2768 0.08893709327548807
2798 0.08893709327548807
2828 0.08893709327548807
2858 0.08893709327548807
2888 0.08893709327548807
2917 0.08893709327548807
2947 0.08893709327548807
2977 0.08893709327548807
3007 0.08893709327548807
3037 0.08893709327548807
3067 0.08893709327548807
3097 0.08893709327548807
3127 0.08893709327548807
3157 0.08893709327548807
3186 0.08893709327548807
3216 0.0911062906724512
3246 0.08893709327548807
3276 0.08893709327548807
3306 0.08893709327548807
3336 0.08893709327548807
3365 0.08893709327548807
3395 0.08893709327548807
3425 0.08893709327548807
3455 0.08893709327548807
3485 0.08893709327548807
3515 0.08893709327548807
3545 0.08893709327548807
3575 0.0911062906724512
3605 0.08893709327548807
3634 0.08893709327548807
3663 0.08893709327548807
3693 0.08893709327548807
3723 0.08893709327548807
3753 0.08893709327548807
3783 0.08893709327548807
3812 0.08893709327548807
3842 0.08893709327548807
3872 0.08893709327548807
3902 0.08893709327548807
3932 0.08893709327548807
3962 0.08893709327548807
3992 0.08893709327548807
4022 0.08893709327548807
4052 0.08893709327548807
4082 0.08893709327548807
4112 0.08893709327548807
4142 0.0911062906724512
4172 0.08893709327548807
4202 0.08893709327548807
4232 0.08893709327548807
4261 0.08893709327548807
4291 0.08893709327548807
4321 0.08893709327548807
4351 0.08893709327548807
4381 0.08893709327548807
4411 0.08893709327548807
4441 0.08893709327548807
4471 0.08893709327548807
4501 0.08893709327548807
4531 0.08893709327548807
4561 0.0911062906724512
4591 0.08893709327548807
4621 0.08893709327548807
4651 0.08893709327548807
4681 0.08893709327548807
4710 0.08893709327548807
4740 0.08893709327548807
4770 0.08893709327548807
4800 0.0911062906724512
4830 0.08893709327548807
4860 0.08893709327548807
4890 0.08893709327548807
4920 0.0911062906724512
4950 0.08893709327548807
4979 0.08893709327548807
5009 0.08893709327548807
5038 0.08893709327548807
5068 0.0911062906724512
5098 0.08893709327548807
5128 0.08893709327548807
5158 0.08893709327548807
5188 0.08893709327548807
5218 0.08893709327548807
5248 0.08893709327548807
5278 0.08893709327548807
5308 0.08893709327548807
5337 0.08893709327548807
5367 0.08893709327548807
5396 0.08893709327548807
5426 0.08893709327548807
5455 0.08893709327548807
5485 0.08893709327548807
5515 0.08893709327548807
5545 0.08893709327548807
5575 0.08893709327548807
5604 0.0911062906724512
5633 0.08893709327548807
5663 0.08893709327548807
5692 0.08893709327548807
5722 0.08893709327548807
5751 0.08893709327548807
5780 0.0911062906724512
5810 0.08893709327548807
5840 0.08893709327548807
5869 0.08893709327548807
5899 0.0911062906724512
5929 0.08893709327548807
5958 0.08893709327548807
5988 0.08893709327548807
6018 0.0911062906724512
6048 0.08893709327548807
6078 0.08893709327548807
6108 0.08893709327548807
6138 0.08893709327548807
6168 0.08893709327548807
6198 0.08893709327548807
6227 0.08893709327548807
6257 0.08893709327548807
6286 0.08893709327548807
6316 0.08893709327548807
6346 0.08893709327548807
6376 0.08893709327548807
6405 0.08893709327548807
6434 0.08893709327548807
6464 0.08893709327548807
6494 0.0911062906724512
6524 0.08893709327548807
6554 0.08893709327548807
6584 0.08893709327548807
6614 0.08893709327548807
6644 0.08893709327548807
6674 0.0911062906724512
6704 0.08893709327548807
6734 0.08893709327548807
6764 0.08893709327548807
6793 0.08893709327548807
6822 0.08893709327548807
6852 0.08893709327548807
6882 0.08893709327548807
6912 0.08893709327548807
6942 0.08893709327548807
6972 0.0911062906724512
7002 0.08893709327548807
7032 0.08893709327548807
7061 0.08893709327548807
7090 0.08893709327548807
7120 0.08893709327548807
7150 0.08893709327548807
7180 0.08893709327548807
7210 0.08893709327548807
7240 0.08893709327548807
7270 0.08893709327548807
7300 0.08893709327548807
7330 0.08893709327548807
7360 0.08893709327548807
7389 0.08893709327548807
7419 0.0911062906724512
7448 0.08893709327548807
7478 0.08893709327548807
7508 0.08893709327548807
7538 0.0911062906724512
7568 0.08893709327548807
7598 0.08893709327548807
7627 0.08893709327548807
7656 0.08893709327548807
7686 0.08893709327548807
7715 0.08893709327548807
7744 0.08893709327548807
7773 0.08893709327548807
7803 0.08893709327548807
7833 0.08893709327548807
7863 0.08893709327548807
7892 0.08893709327548807
7922 0.0911062906724512
7952 0.08893709327548807
7982 0.08893709327548807
8012 0.08893709327548807
8041 0.08893709327548807
8071 0.08893709327548807
8101 0.08893709327548807
8131 0.08893709327548807
8161 0.08893709327548807
8191 0.08893709327548807
8220 0.08893709327548807
8249 0.08893709327548807
8279 0.08893709327548807
8308 0.08893709327548807
8338 0.08893709327548807
8368 0.08893709327548807
8397 0.08893709327548807
8427 0.08893709327548807
8457 0.08893709327548807
8486 0.08893709327548807
8516 0.08893709327548807
8545 0.08893709327548807
8575 0.08893709327548807
8605 0.08893709327548807
8634 0.08893709327548807
8664 0.08893709327548807
8693 0.08893709327548807
8722 0.08893709327548807
8752 0.08893709327548807
8782 0.08893709327548807
8811 0.08893709327548807
8841 0.08893709327548807
8870 0.0911062906724512
8899 0.08893709327548807
8929 0.0911062906724512
8958 0.08893709327548807
8988 0.08893709327548807
9018 0.08893709327548807
9047 0.08893709327548807
9077 0.08893709327548807
9107 0.08893709327548807
9137 0.08893709327548807
9167 0.0911062906724512
9197 0.08893709327548807
9226 0.0911062906724512
9256 0.08893709327548807
9286 0.08893709327548807
9316 0.08893709327548807
9346 0.08893709327548807
9376 0.08893709327548807
9406 0.08893709327548807
9436 0.08893709327548807
9465 0.08893709327548807
9495 0.08893709327548807
9525 0.08893709327548807
9554 0.08893709327548807
9583 0.08893709327548807
9613 0.08893709327548807
9642 0.08893709327548807
9672 0.08893709327548807
9702 0.08893709327548807
9732 0.0911062906724512
9762 0.08893709327548807
9792 0.0911062906724512
9822 0.08893709327548807
9852 0.0911062906724512
9882 0.08893709327548807
9912 0.08893709327548807
9941 0.08893709327548807
9970 0.08893709327548807
