237 0.4021023089970138
711 0.3668893790221938
1185 0.3530633955231234
1659 0.34623762074703684
2133 0.34243024364995656
2607 0.3393159484072712
3081 0.3355625748109404
3555 0.33268841825839335
4029 0.33041812687009
4503 0.3285880969449018
4977 0.32708638971054993
5451 0.32583599943661556
5925 0.32478263047990236
6399 0.3238856753342677
6873 0.3231153692752837
7347 0.32244828462551095
7821 0.3218666446398742
8295 0.3213561293326988
8769 0.3209055670329948
9243 0.3205057993549323
9717 0.32014948467627735
