41 0.4778215290256838
70 0.47430283357343267
100 0.4704572089663931
136 0.462125790604912
172 0.4581564794635454
209 0.45841510502324806
243 0.4577514773768137
277 0.4560300735959529
312 0.45619634724028907
347 0.45606310067670597
382 0.45546708700798866
415 0.45436243937112
451 0.45339625795418814
487 0.45296752530102363
520 0.45271779015828767
555 0.452820956839658
590 0.45323232663848434
625 0.45249304237144
658 0.4509403528407556
692 0.4510212454046925
729 0.45205712403093384
764 0.4511148479113647
797 0.4501271529721535
832 0.4506224621988526
867 0.4510102387836208
902 0.4508933950177276
937 0.45107480946212836
970 0.44789150624739726
1007 0.4509297254585632
1042 0.44926316228196134
1073 0.448020893813294
1111 0.4503999831811288
1147 0.449966780778119
1181 0.44858089043233257
1214 0.4493707935732086
1249 0.4490457271332906
1282 0.44859875625616874
1318 0.4478735801501401
1352 0.44739575972390877
1388 0.45098576235835947
1422 0.44725776213437485
1459 0.44967334435948664
1492 0.44797627922498345
1525 0.4474272348894064
1562 0.44859529912309815
1597 0.44841999903831076
1632 0.4481314063418142
1666 0.44731631636210567
1699 0.4461094890379874
1735 0.4485655818157544
1768 0.4472907020386047
1807 0.44931150863551833
1838 0.4460428784965866
1873 0.44823420320648766
1909 0.4461098921174462
1942 0.4483052026447124
1979 0.44976907011137907
2012 0.4461631067408137
2047 0.44707649291461177
2082 0.4489888202574831
2119 0.44769058286016483
2152 0.44681930804719144
2186 0.44672465910851833
2221 0.44714720993409945
2257 0.44727413713972747
2290 0.44684785218827444
2326 0.44739605174291347
2362 0.4480078492683249
2393 0.4455023909518024
2429 0.4465465966859545
2464 0.4491829477768883
2499 0.44591586620229173
2533 0.4474344755876776
2569 0.44783196496121386
2604 0.4466234658983208
2637 0.44482520917997054
2674 0.44913985402939094
2710 0.447670764989615
2740 0.44186273668742193
2776 0.44701164878236377
2812 0.4502734246831497
2848 0.4460819064037529
2881 0.44528534197602004
2914 0.444278898782748
2949 0.4469457844001782
2986 0.44996526574410006
3022 0.4471006833123282
3053 0.44410027600286606
3088 0.44561931436251945
3124 0.44820514060494926
3160 0.4488610879969458
3192 0.445331051396143
3227 0.4457069749197533
3264 0.4475940113952369
3297 0.4455890997622788
3332 0.4475656738243288
3367 0.4461239247843228
3404 0.4482434910691469
3437 0.4469848714705867
3469 0.4424441107093827
3505 0.4477513933810566
3542 0.4475936932263754
3575 0.44678718277650864
3607 0.4432719953346641
3646 0.4487397842060857
3682 0.4462842460837335
3712 0.44507576578639535
3748 0.4453780111262996
3784 0.44769520226140846
3817 0.44521281044101185
3851 0.4452560991761353
3888 0.44754699655241714
3925 0.44779350867517387
3956 0.4439610243822852
3991 0.4473876177143637
4027 0.44435899364396214
4060 0.4450915222135579
4097 0.44828832867842383
4132 0.44712610322340907
4163 0.44391151163467163
4199 0.4474100897458937
4235 0.44694768202490165
4270 0.4473471433807569
4306 0.44399836078216487
4337 0.4447029280310794
4375 0.4502622418888893
4408 0.44478059382962726
4442 0.4443703353793662
4479 0.4479489011993896
4512 0.4444637520437021
4546 0.4459497853580317
4582 0.44792299856869994
4617 0.4465663494569082
4653 0.44636095465130865
4687 0.4450268113500474
4717 0.44484051459940466
4757 0.4480113290328422
4792 0.4461464348142033
4825 0.44534328572355514
4858 0.4460914453344606
4894 0.44515048567436033
4930 0.4469516683855596
4966 0.44765862764483993
4998 0.44346662096179956
5032 0.44459658526709356
5068 0.44715463917522896
5101 0.44623883660706626
5140 0.44867293971977984
5171 0.44148124343596923
5208 0.4488080462823364
5240 0.4453035578876834
5276 0.44520997629336784
5309 0.4447336807371183
5347 0.44559245531989444
5382 0.4484264061939771
5416 0.4442251662594658
5449 0.44580983208275404
5485 0.4461011393972718
5516 0.44348630770220876
5557 0.4505599068614745
5587 0.44369726764613304
5623 0.4457324522416755
5657 0.4466265234032286
5692 0.44516292989384304
5728 0.444889943156294
5761 0.44623808965557293
5797 0.4464398354466621
5829 0.44523462311994105
5868 0.4479394340579944
5902 0.44487417753844494
5937 0.4490477730934023
5967 0.4416436947127668
6007 0.449258424766135
6039 0.4443800707653938
6073 0.44419663469849774
6111 0.4499645147036926
6142 0.4431126994348725
6182 0.4516542522743895
6212 0.44060068400718305
6247 0.44737093554042784
6280 0.44341346327006614
6317 0.4479943077762347
6352 0.4480246523176165
6387 0.44540426424198426
6419 0.44479124813578264
6457 0.44675662783146386
6493 0.4453954993686425
6525 0.4467826939823365
6562 0.4471859234779304
6597 0.4463536154696099
6630 0.44453825929922686
6666 0.4468591697085208
6697 0.4426514910157578
6735 0.449272038941231
6768 0.44328932305777763
6805 0.4499762718113267
6838 0.4432981574690957
6872 0.4440397349156576
6910 0.44966292160197857
6942 0.44338141524643077
6979 0.4495504225316673
7012 0.4427685469906165
7048 0.44957223990360334
7080 0.4439205173861339
7117 0.44589520155430745
7153 0.4470999467049733
7183 0.44348615119771445
7221 0.4490637563581427
7258 0.4474298980553509
7288 0.44021703789222716
7324 0.4487426135909801
7359 0.4465078991288636
7394 0.4447199395430565
7429 0.4454291738088776
7462 0.4449895305667718
7499 0.44781661768359143
7533 0.4454585868951592
7568 0.4477858705369302
7603 0.44357359382573736
7637 0.44558202671074815
7672 0.4455718409358971
7707 0.44652603053433987
7740 0.44479585006910743
7777 0.44740104741782727
7812 0.44594980773208814
7844 0.44444740428441476
7878 0.4456483569229882
7915 0.4475205310159994
7951 0.4487463297485688
7982 0.43970055751085974
8020 0.4487666895773645
8053 0.44578097364825114
8086 0.4448458685818616
8125 0.4488537857097526
8158 0.44386069561653674
8192 0.44570273356293283
8227 0.4471966554560936
8264 0.44741535177742714
8296 0.44346675229459187
8329 0.4434472633852466
8365 0.44814816763252857
8402 0.4448207463265493
8437 0.4476135118182967
8470 0.44488755798137863
8504 0.44592768419081624
8542 0.44682485989229775
8573 0.4430706002765023
8605 0.4441712099481007
8644 0.44927438997857005
8678 0.4443451565218343
8713 0.4453413596290115
8747 0.4465075791197906
8782 0.44569231130993947
8817 0.44547458167205534
8852 0.44683762967977103
8884 0.4424624780999714
8922 0.4477148138583534
8957 0.4464097446272364
8989 0.4451594430026977
9027 0.44733011267319284
9058 0.4417133704942314
9094 0.4471266964119078
9129 0.4466515098518519
9163 0.4455882113798453
9199 0.4471021047084849
9235 0.44644861842102085
9265 0.44240739091220593
9304 0.4482004661526888
9339 0.4467516579575514
9373 0.44486649582541943
9407 0.4452782313709652
9442 0.44503976668445705
9478 0.4472802093715833
9512 0.4443143507713442
9547 0.4455109036723046
9580 0.44513243348571435
9615 0.44732160446804475
9652 0.4467977279206891
9685 0.4442805245872672
9718 0.44508025541944146
9754 0.44723283718220425
9787 0.4451713853715836
9823 0.44573381188426014
9859 0.44573832649415696
9893 0.445414946930467
9928 0.44686913176192566
9961 0.4425151830370891
9999 0.4502764752230165
