217 0.4022215902320421
651 0.35892697965530096
1085 0.341881706101964
1519 0.3331630581329274
1953 0.32803496874481936
2387 0.32473674503691585
2821 0.32110799699705195
3255 0.3178747461291183
3689 0.31533145465756135
4123 0.31328844582049836
4557 0.3116199683144902
4991 0.3102392671551701
5425 0.3090844384035028
5859 0.30810999258440475
6293 0.3072816349388459
6727 0.3065729365937606
7161 0.3059631514468035
7595 0.30543574481242053
8029 0.3049773745689649
8463 0.30457716670890783
8897 0.3042261870421405
9331 0.30391704684644955
9765 0.3036436023146681
