0 0.4229934924078091
2000 0.4229934924078091
4000 0.09544468546637744
6000 0.09761388286334056
8000 0.09761388286334056
10000 0.0911062906724512
12000 0.09978308026030369
14000 0.09978308026030369
16000 0.09761388286334056
18000 0.10629067245119306
20000 0.09544468546637744
22000 0.09978308026030369
24000 0.1019522776572668
26000 0.1019522776572668
28000 0.09761388286334056
30000 0.09978308026030369
32000 0.10629067245119306
34000 0.10629067245119306
36000 0.10412147505422993
38000 0.09761388286334056
40000 0.10629067245119306
42000 0.09544468546637744
44000 0.09978308026030369
46000 0.0911062906724512
48000 0.08893709327548807
50000 0.09978308026030369
52000 0.1019522776572668
54000 0.09544468546637744
56000 0.09544468546637744
58000 0.09978308026030369
60000 0.1019522776572668
62000 0.09327548806941431
64000 0.0911062906724512
66000 0.1019522776572668
68000 0.1019522776572668
70000 0.1019522776572668
72000 0.1019522776572668
74000 0.09327548806941431
76000 0.09978308026030369
78000 0.09327548806941431
80000 0.09978308026030369
82000 0.09978308026030369
84000 0.10412147505422993
86000 0.09978308026030369
88000 0.09544468546637744
90000 0.09544468546637744
92000 0.09544468546637744
94000 0.09978308026030369
96000 0.09544468546637744
98000 0.1019522776572668
100000 0.09761388286334056
102000 0.1019522776572668
104000 0.10412147505422993
106000 0.09761388286334056
108000 0.09544468546637744
110000 0.1019522776572668
112000 0.09761388286334056
114000 0.09327548806941431
116000 0.09978308026030369
118000 0.09327548806941431
120000 0.0911062906724512
122000 0.09761388286334056
124000 0.0911062906724512
126000 0.09544468546637744
128000 0.1019522776572668
130000 0.10412147505422993
132000 0.09544468546637744
134000 0.09761388286334056
136000 0.09761388286334056
138000 0.0911062906724512
140000 0.1019522776572668
142000 0.09327548806941431
144000 0.09544468546637744
146000 0.09544468546637744
148000 0.10412147505422993
150000 0.0911062906724512
152000 0.09761388286334056
154000 0.09978308026030369
156000 0.09327548806941431
158000 0.09327548806941431
160000 0.09761388286334056
162000 0.09761388286334056
164000 0.09761388286334056
166000 0.09327548806941431
168000 0.1019522776572668
170000 0.1019522776572668
172000 0.09978308026030369
174000 0.10629067245119306
176000 0.1019522776572668
178000 0.09544468546637744
180000 0.09544468546637744
182000 0.08893709327548807
184000 0.08893709327548807
186000 0.09544468546637744
188000 0.09978308026030369
190000 0.1019522776572668
192000 0.09761388286334056
194000 0.09761388286334056
196000 0.09761388286334056
198000 0.09327548806941431
200000 0.09544468546637744
202000 0.09761388286334056
204000 0.09978308026030369
206000 0.10629067245119306
208000 0.09761388286334056
210000 0.09761388286334056
212000 0.09544468546637744
214000 0.09544468546637744
216000 0.09761388286334056
218000 0.09544468546637744
220000 0.1019522776572668
222000 0.09761388286334056
224000 0.09327548806941431
226000 0.09978308026030369
228000 0.10412147505422993
230000 0.09544468546637744
232000 0.09761388286334056
234000 0.09978308026030369
236000 0.10412147505422993
238000 0.09761388286334056
240000 0.09978308026030369
242000 0.09978308026030369
244000 0.1019522776572668
246000 0.09761388286334056
248000 0.0911062906724512
250000 0.09978308026030369
252000 0.1019522776572668
254000 0.09761388286334056
256000 0.09544468546637744
258000 0.09978308026030369
260000 0.09544468546637744
262000 0.09978308026030369
264000 0.09978308026030369
266000 0.11062906724511931
268000 0.10629067245119306
270000 0.1019522776572668
272000 0.1019522776572668
274000 0.09327548806941431
276000 0.1019522776572668
278000 0.09544468546637744
280000 0.09544468546637744
282000 0.09544468546637744
284000 0.1019522776572668
286000 0.10412147505422993
288000 0.09761388286334056
290000 0.09761388286334056
292000 0.10629067245119306
294000 0.0911062906724512
296000 0.09327548806941431
298000 0.09761388286334056
300000 0.09327548806941431
302000 0.09978308026030369
304000 0.09761388286334056
306000 0.09544468546637744
308000 0.08893709327548807
310000 0.10629067245119306
312000 0.09761388286334056
314000 0.1019522776572668
316000 0.09544468546637744
318000 0.09761388286334056
320000 0.09761388286334056
322000 0.09978308026030369
324000 0.09544468546637744
326000 0.09761388286334056
328000 0.10412147505422993
330000 0.10629067245119306
332000 0.09978308026030369
334000 0.09761388286334056
336000 0.1019522776572668
338000 0.09978308026030369
340000 0.09978308026030369
342000 0.10629067245119306
344000 0.09978308026030369
346000 0.09761388286334056
348000 0.1019522776572668
350000 0.10629067245119306
352000 0.11062906724511931
354000 0.09978308026030369
356000 0.09761388286334056
358000 0.09761388286334056
