0 0.4229934924078091
2000 0.4229934924078091
4000 0.1019522776572668
6000 0.10412147505422993
8000 0.10845986984815618
10000 0.11062906724511931
12000 0.09978308026030369
14000 0.1019522776572668
16000 0.1019522776572668
18000 0.10845986984815618
20000 0.09544468546637744
22000 0.1019522776572668
24000 0.10629067245119306
26000 0.09978308026030369
28000 0.09978308026030369
30000 0.11496746203904555
32000 0.11062906724511931
34000 0.10412147505422993
36000 0.10629067245119306
38000 0.10412147505422993
40000 0.10412147505422993
42000 0.09761388286334056
44000 0.10412147505422993
46000 0.0911062906724512
48000 0.10629067245119306
50000 0.1019522776572668
52000 0.09544468546637744
54000 0.09761388286334056
56000 0.09978308026030369
58000 0.11062906724511931
60000 0.10412147505422993
62000 0.10412147505422993
64000 0.10845986984815618
66000 0.09544468546637744
68000 0.09761388286334056
70000 0.11279826464208242
72000 0.10629067245119306
74000 0.11279826464208242
76000 0.09761388286334056
78000 0.1019522776572668
80000 0.10629067245119306
82000 0.1019522776572668
84000 0.09761388286334056
86000 0.09761388286334056
88000 0.09761388286334056
90000 0.09761388286334056
92000 0.09761388286334056
94000 0.10845986984815618
96000 0.09978308026030369
98000 0.10412147505422993
100000 0.10412147505422993
102000 0.11496746203904555
104000 0.09761388286334056
106000 0.09327548806941431
108000 0.09761388286334056
110000 0.1019522776572668
112000 0.09327548806941431
114000 0.09978308026030369
116000 0.09544468546637744
118000 0.10629067245119306
120000 0.1019522776572668
122000 0.09761388286334056
124000 0.09978308026030369
126000 0.10845986984815618
128000 0.11062906724511931
130000 0.10412147505422993
132000 0.1019522776572668
134000 0.09327548806941431
136000 0.08459869848156182
138000 0.0911062906724512
140000 0.09544468546637744
142000 0.1019522776572668
144000 0.11496746203904555
146000 0.0911062906724512
148000 0.1019522776572668
150000 0.09544468546637744
152000 0.10629067245119306
154000 0.11062906724511931
156000 0.1019522776572668
158000 0.10629067245119306
160000 0.09327548806941431
162000 0.09544468546637744
164000 0.12147505422993492
166000 0.11062906724511931
168000 0.10412147505422993
170000 0.09978308026030369
172000 0.10845986984815618
174000 0.10629067245119306
176000 0.09761388286334056
178000 0.1019522776572668
180000 0.09978308026030369
182000 0.0911062906724512
184000 0.0911062906724512
186000 0.10629067245119306
188000 0.10412147505422993
190000 0.11496746203904555
192000 0.11062906724511931
194000 0.10412147505422993
196000 0.10845986984815618
198000 0.11496746203904555
200000 0.09761388286334056
202000 0.0911062906724512
204000 0.09978308026030369
206000 0.11279826464208242
208000 0.09978308026030369
210000 0.10845986984815618
212000 0.1019522776572668
214000 0.10412147505422993
216000 0.11279826464208242
218000 0.1019522776572668
220000 0.11279826464208242
222000 0.1019522776572668
224000 0.10845986984815618
226000 0.1019522776572668
228000 0.10629067245119306
230000 0.10845986984815618
232000 0.09761388286334056
234000 0.09544468546637744
236000 0.09761388286334056
238000 0.11062906724511931
240000 0.11062906724511931
242000 0.10412147505422993
244000 0.10845986984815618
246000 0.09978308026030369
248000 0.09978308026030369
250000 0.10629067245119306
252000 0.10629067245119306
254000 0.10412147505422993
256000 0.11713665943600868
258000 0.09978308026030369
260000 0.10629067245119306
262000 0.10629067245119306
264000 0.09327548806941431
266000 0.09761388286334056
268000 0.09544468546637744
270000 0.09761388286334056
272000 0.10629067245119306
274000 0.09978308026030369
276000 0.0911062906724512
278000 0.09761388286334056
280000 0.09761388286334056
282000 0.1019522776572668
284000 0.1019522776572668
286000 0.0911062906724512
288000 0.09544468546637744
290000 0.1019522776572668
292000 0.08893709327548807
294000 0.1019522776572668
296000 0.11062906724511931
298000 0.10629067245119306
300000 0.11062906724511931
302000 0.11496746203904555
304000 0.09761388286334056
306000 0.1019522776572668
308000 0.11062906724511931
310000 0.10412147505422993
312000 0.10412147505422993
314000 0.09761388286334056
316000 0.11279826464208242
318000 0.11279826464208242
320000 0.10629067245119306
322000 0.11496746203904555
324000 0.11062906724511931
326000 0.11496746203904555
328000 0.09761388286334056
330000 0.10412147505422993
332000 0.10629067245119306
334000 0.11496746203904555
336000 0.10845986984815618
338000 0.10629067245119306
340000 0.1019522776572668
342000 0.10629067245119306
344000 0.09761388286334056
346000 0.1019522776572668
348000 0.1019522776572668
350000 0.1019522776572668
352000 0.09978308026030369
354000 0.10629067245119306
356000 0.1019522776572668
358000 0.1019522776572668
