0 0.4229934924078091
2000 0.4229934924078091
4000 0.09544468546637744
6000 0.09978308026030369
8000 0.09544468546637744
10000 0.09978308026030369
12000 0.10412147505422993
14000 0.09978308026030369
16000 0.10412147505422993
18000 0.1019522776572668
20000 0.09761388286334056
22000 0.09978308026030369
24000 0.09761388286334056
26000 0.09544468546637744
28000 0.09761388286334056
30000 0.09978308026030369
32000 0.09544468546637744
34000 0.09544468546637744
36000 0.09761388286334056
38000 0.09978308026030369
40000 0.10412147505422993
42000 0.09978308026030369
44000 0.09978308026030369
46000 0.09978308026030369
48000 0.11062906724511931
50000 0.1019522776572668
52000 0.09544468546637744
54000 0.1019522776572668
56000 0.10629067245119306
58000 0.10845986984815618
60000 0.09761388286334056
62000 0.1019522776572668
64000 0.09761388286334056
66000 0.09978308026030369
68000 0.1019522776572668
70000 0.1019522776572668
72000 0.10412147505422993
74000 0.10629067245119306
76000 0.10629067245119306
78000 0.09761388286334056
80000 0.1019522776572668
82000 0.1019522776572668
84000 0.1019522776572668
86000 0.09978308026030369
88000 0.09978308026030369
90000 0.09761388286334056
92000 0.09544468546637744
94000 0.09761388286334056
96000 0.10629067245119306
98000 0.09761388286334056
100000 0.09761388286334056
102000 0.09544468546637744
104000 0.09978308026030369
106000 0.09761388286334056
108000 0.1019522776572668
110000 0.09978308026030369
112000 0.09327548806941431
114000 0.10412147505422993
116000 0.10629067245119306
118000 0.10412147505422993
120000 0.10629067245119306
122000 0.09761388286334056
124000 0.09761388286334056
126000 0.1019522776572668
128000 0.09544468546637744
130000 0.09327548806941431
132000 0.09544468546637744
134000 0.1019522776572668
136000 0.10845986984815618
138000 0.10845986984815618
140000 0.09761388286334056
142000 0.09544468546637744
144000 0.09544468546637744
146000 0.09761388286334056
148000 0.09544468546637744
150000 0.0911062906724512
152000 0.08893709327548807
154000 0.09544468546637744
156000 0.1019522776572668
158000 0.09761388286334056
160000 0.10412147505422993
162000 0.09544468546637744
164000 0.09978308026030369
166000 0.09978308026030369
168000 0.1019522776572668
170000 0.09978308026030369
172000 0.1019522776572668
174000 0.09327548806941431
176000 0.09761388286334056
178000 0.09978308026030369
180000 0.09761388286334056
182000 0.09978308026030369
184000 0.10845986984815618
186000 0.10412147505422993
188000 0.1019522776572668
190000 0.09978308026030369
192000 0.1019522776572668
194000 0.09327548806941431
196000 0.09761388286334056
198000 0.09544468546637744
200000 0.10845986984815618
202000 0.10412147505422993
204000 0.09978308026030369
206000 0.09544468546637744
208000 0.09761388286334056
210000 0.09327548806941431
212000 0.09544468546637744
214000 0.09978308026030369
216000 0.09327548806941431
218000 0.09761388286334056
220000 0.09978308026030369
222000 0.09761388286334056
224000 0.09761388286334056
226000 0.09544468546637744
228000 0.09978308026030369
230000 0.09978308026030369
232000 0.09544468546637744
234000 0.10412147505422993
236000 0.09978308026030369
238000 0.1019522776572668
240000 0.09327548806941431
242000 0.08893709327548807
244000 0.08893709327548807
246000 0.09327548806941431
248000 0.09327548806941431
250000 0.10412147505422993
252000 0.09327548806941431
254000 0.10412147505422993
256000 0.09761388286334056
258000 0.09327548806941431
260000 0.09978308026030369
262000 0.09978308026030369
264000 0.10629067245119306
266000 0.09978308026030369
268000 0.09978308026030369
270000 0.09544468546637744
272000 0.10629067245119306
274000 0.10412147505422993
276000 0.10412147505422993
278000 0.10845986984815618
280000 0.11279826464208242
282000 0.10412147505422993
284000 0.1019522776572668
286000 0.09978308026030369
288000 0.10629067245119306
290000 0.0911062906724512
292000 0.1019522776572668
294000 0.09761388286334056
296000 0.09327548806941431
298000 0.1019522776572668
300000 0.10412147505422993
302000 0.10412147505422993
304000 0.09761388286334056
306000 0.09761388286334056
308000 0.09544468546637744
310000 0.09327548806941431
312000 0.09327548806941431
314000 0.09761388286334056
316000 0.09978308026030369
318000 0.09327548806941431
320000 0.09544468546637744
322000 0.09761388286334056
324000 0.09544468546637744
326000 0.1019522776572668
328000 0.09761388286334056
330000 0.09544468546637744
332000 0.08893709327548807
334000 0.09544468546637744
336000 0.09544468546637744
338000 0.09544468546637744
340000 0.09978308026030369
342000 0.09978308026030369
344000 0.09978308026030369
346000 0.09327548806941431
348000 0.1019522776572668
350000 0.10629067245119306
352000 0.1019522776572668
354000 0.09978308026030369
356000 0.09978308026030369
358000 0.1019522776572668
