1 0.4164859002169197
2 0.09978308026030369
3 0.09327548806941431
4 0.09327548806941431
5 0.08676789587852494
6 0.08893709327548807
7 0.0911062906724512
8 0.0911062906724512
9 0.09544468546637744
10 0.09544468546637744
11 0.09327548806941431
12 0.09544468546637744
13 0.09544468546637744
14 0.09544468546637744
15 0.09544468546637744
16 0.09544468546637744
17 0.09544468546637744
18 0.09544468546637744
19 0.09327548806941431
20 0.09327548806941431
21 0.09544468546637744
22 0.09761388286334056
23 0.09761388286334056
24 0.09761388286334056
25 0.09761388286334056
26 0.09761388286334056
27 0.09761388286334056
28 0.09544468546637744
29 0.09544468546637744
30 0.09544468546637744
31 0.09544468546637744
32 0.09544468546637744
33 0.09544468546637744
34 0.09544468546637744
35 0.09544468546637744
36 0.09327548806941431
37 0.09327548806941431
38 0.09327548806941431
39 0.09327548806941431
40 0.09327548806941431
41 0.09327548806941431
42 0.09327548806941431
43 0.09327548806941431
44 0.09327548806941431
45 0.09327548806941431
46 0.09327548806941431
47 0.09327548806941431
48 0.09327548806941431
49 0.09327548806941431
50 0.09327548806941431
51 0.09544468546637744
52 0.09544468546637744
53 0.09544468546637744
54 0.09544468546637744
55 0.09544468546637744
56 0.09544468546637744
57 0.09544468546637744
58 0.09544468546637744
59 0.09544468546637744
60 0.09544468546637744
61 0.09544468546637744
62 0.09544468546637744
63 0.09544468546637744
64 0.09544468546637744
65 0.09544468546637744
66 0.09544468546637744
67 0.09761388286334056
68 0.09761388286334056
69 0.09761388286334056
70 0.09761388286334056
71 0.09761388286334056
72 0.09761388286334056
73 0.09761388286334056
74 0.09761388286334056
75 0.09761388286334056
76 0.09761388286334056
77 0.09761388286334056
78 0.09761388286334056
79 0.09761388286334056
80 0.09761388286334056
81 0.09761388286334056
82 0.09761388286334056
83 0.09761388286334056
84 0.09761388286334056
85 0.09761388286334056
86 0.09761388286334056
87 0.09761388286334056
88 0.09761388286334056
89 0.09761388286334056
90 0.09761388286334056
91 0.09761388286334056
92 0.09761388286334056
93 0.09761388286334056
94 0.09761388286334056
95 0.09761388286334056
96 0.09978308026030369
97 0.09978308026030369
98 0.09978308026030369
99 0.09978308026030369
100 0.09978308026030369
101 0.09978308026030369
102 0.09978308026030369
103 0.09978308026030369
104 0.09978308026030369
105 0.09978308026030369
106 0.09978308026030369
107 0.09978308026030369
108 0.09978308026030369
109 0.09978308026030369
110 0.09978308026030369
111 0.09978308026030369
112 0.09978308026030369
113 0.09978308026030369
114 0.09978308026030369
115 0.09978308026030369
116 0.09978308026030369
117 0.09978308026030369
118 0.09978308026030369
119 0.09978308026030369
120 0.09978308026030369
121 0.09978308026030369
122 0.09978308026030369
123 0.09978308026030369
124 0.09978308026030369
125 0.09978308026030369
126 0.09978308026030369
127 0.09978308026030369
128 0.09978308026030369
129 0.09978308026030369
130 0.09978308026030369
131 0.09978308026030369
132 0.09978308026030369
133 0.09978308026030369
134 0.09978308026030369
135 0.09978308026030369
136 0.09978308026030369
137 0.09978308026030369
138 0.09978308026030369
139 0.09978308026030369
140 0.09978308026030369
141 0.09978308026030369
142 0.09978308026030369
143 0.09978308026030369
144 0.09978308026030369
145 0.09978308026030369
146 0.09978308026030369
147 0.09978308026030369
148 0.09978308026030369
149 0.09978308026030369
150 0.09978308026030369
151 0.09978308026030369
152 0.09978308026030369
153 0.09978308026030369
154 0.09978308026030369
155 0.09978308026030369
156 0.09978308026030369
157 0.09978308026030369
158 0.09978308026030369
159 0.09978308026030369
160 0.09978308026030369
161 0.09978308026030369
162 0.09978308026030369
163 0.09978308026030369
164 0.09978308026030369
165 0.09978308026030369
166 0.09978308026030369
167 0.09978308026030369
168 0.09978308026030369
169 0.09978308026030369
170 0.09978308026030369
171 0.09978308026030369
172 0.09978308026030369
173 0.09978308026030369
174 0.09978308026030369
175 0.09978308026030369
176 0.09978308026030369
177 0.09978308026030369
178 0.09978308026030369
179 0.09978308026030369
180 0.09978308026030369
