100 0.2185466377440347
200 0.1788720173535792
300 0.15262472885032538
400 0.14859002169197397
500 0.14442516268980476
600 0.13863340563991322
700 0.13221258134490238
800 0.1313232104121475
900 0.13112798264642084
1000 0.1286117136659436
1100 0.1266594360086768
1200 0.12594360086767895
1300 0.1211062906724512
1400 0.12130151843817788
1500 0.11880694143167028
1600 0.11817787418655097
1700 0.11713665943600868
1800 0.11496746203904555
1900 0.11524945770065076
2000 0.11390455531453363
2100 0.11310195227765726
2200 0.11314533622559653
2300 0.113058568329718
2400 0.11258134490238612
2500 0.1109761388286334
2600 0.11247288503253797
2700 0.11071583514099784
2800 0.10954446854663774
2900 0.10969631236442516
3000 0.1092407809110629
3100 0.10947939262472885
3200 0.10885032537960955
3300 0.1070065075921909
3400 0.10848156182212582
3500 0.10845986984815618
3600 0.10817787418655098
3700 0.10917570498915401
3800 0.10822125813449024
3900 0.10885032537960955
4000 0.10741865509761388
4100 0.10776572668112798
4200 0.10650759219088937
4300 0.10672451193058569
4400 0.10603036876355748
4500 0.10498915401301519
4600 0.10585683297180043
4700 0.10494577006507592
4800 0.10605206073752711
4900 0.10609544468546638
5000 0.10691973969631237
5100 0.10605206073752711
5200 0.10563991323210412
5300 0.10481561822125814
5400 0.10379609544468546
5500 0.10468546637744035
5600 0.10357917570498916
5700 0.10273318872017353
5800 0.10255965292841648
5900 0.1031236442516269
6000 0.10338394793926248
6100 0.10314533622559653
6200 0.10260303687635575
6300 0.10197396963123644
6400 0.10208242950108459
6500 0.10193058568329719
6600 0.10190889370932756
6700 0.1017353579175705
6800 0.10162689804772235
6900 0.10245119305856833
7000 0.10290672451193059
7100 0.10338394793926248
7200 0.10344902386117137
7300 0.10251626898047722
7400 0.10206073752711496
7500 0.10206073752711496
7600 0.103470715835141
7700 0.10336225596529285
7800 0.10301518438177874
7900 0.1014533622559653
8000 0.10245119305856833
8100 0.10232104121475054
8200 0.10171366594360087
8300 0.10123644251626898
8400 0.10160520607375272
8500 0.10086767895878525
8600 0.10162689804772235
8700 0.1018004338394794
8800 0.10171366594360087
8900 0.10086767895878525
9000 0.1013882863340564
9100 0.10101952277657267
9200 0.10060737527114967
9300 0.10078091106290672
9400 0.10056399132321041
9500 0.10010845986984816
9600 0.10008676789587853
9700 0.09928416485900217
9800 0.10060737527114967
9900 0.09976138828633406
