0 0.4229934924078091
2000 0.1775704989154013
4000 0.14273318872017354
6000 0.13511930585683296
8000 0.13613882863340565
10000 0.13414316702819956
12000 0.1331236442516269
14000 0.1332754880694143
16000 0.13522776572668113
18000 0.13750542299349242
20000 0.1386117136659436
22000 0.13859002169197396
24000 0.13605206073752713
26000 0.13759219088937094
28000 0.13574837310195229
30000 0.13559652928416485
32000 0.13639913232104123
34000 0.13720173535791758
36000 0.13696312364425162
38000 0.13323210412147504
40000 0.13544468546637745
42000 0.13008676789587853
44000 0.13509761388286334
46000 0.13711496746203905
48000 0.13657266811279825
50000 0.13531453362255966
52000 0.13592190889370934
54000 0.13986984815618222
56000 0.1406941431670282
58000 0.14080260303687636
60000 0.1403470715835141
62000 0.13919739696312364
64000 0.1358351409978308
66000 0.13997830802603037
68000 0.13600867678958786
70000 0.13663774403470716
72000 0.13559652928416485
74000 0.1355531453362256
76000 0.1354229934924078
78000 0.1347939262472885
80000 0.13470715835140998
82000 0.13626898047722344
84000 0.13700650759219088
86000 0.1381344902386117
88000 0.1372234273318872
90000 0.13898047722342732
92000 0.13683297180043383
94000 0.13607375271149674
96000 0.13928416485900216
98000 0.1360954446854664
100000 0.13485900216919738
102000 0.1350759219088937
104000 0.13672451193058568
106000 0.1394360086767896
108000 0.13824295010845988
110000 0.13872017353579175
112000 0.14108459869848156
114000 0.14065075921908893
116000 0.133470715835141
118000 0.13238611713665943
120000 0.13704989154013014
122000 0.13672451193058568
124000 0.13505422993492408
126000 0.13390455531453363
128000 0.1342299349240781
130000 0.1350759219088937
132000 0.13600867678958786
134000 0.13789587852494578
136000 0.13793926247288504
138000 0.13620390455531453
140000 0.1336225596529284
142000 0.13509761388286334
144000 0.13678958785249457
146000 0.136529284164859
148000 0.13819956616052062
150000 0.1345119305856833
152000 0.13657266811279825
154000 0.1363123644251627
156000 0.13655097613882863
158000 0.1363123644251627
160000 0.1361822125813449
162000 0.13603036876355748
164000 0.13720173535791758
166000 0.1392407809110629
168000 0.13696312364425162
170000 0.13446854663774405
172000 0.13399132321041216
174000 0.13603036876355748
176000 0.13657266811279825
178000 0.1358351409978308
180000 0.13553145336225597
182000 0.13789587852494578
184000 0.1356182212581345
186000 0.1380477223427332
188000 0.13765726681127982
190000 0.1355531453362256
192000 0.13537960954446854
194000 0.13746203904555315
196000 0.13731019522776572
198000 0.13713665943600867
200000 0.1356182212581345
202000 0.13830802603036876
204000 0.13976138828633405
206000 0.13906724511930585
208000 0.13917570498915402
210000 0.13900216919739697
212000 0.13720173535791758
214000 0.13672451193058568
216000 0.1346420824295011
218000 0.13739696312364424
220000 0.1400867678958785
222000 0.1336225596529284
224000 0.13650759219088937
226000 0.13190889370932754
228000 0.13501084598698482
230000 0.1345119305856833
232000 0.13657266811279825
234000 0.1377874186550976
236000 0.13852494577006508
238000 0.13828633405639915
240000 0.13982646420824296
242000 0.13529284164859
244000 0.13837310195227764
246000 0.13941431670281995
248000 0.13616052060737527
250000 0.13544468546637745
252000 0.1359652928416486
254000 0.13678958785249457
256000 0.1355531453362256
258000 0.13531453362255966
260000 0.13648590021691975
262000 0.14184381778741867
264000 0.13837310195227764
266000 0.13453362255965293
268000 0.138763557483731
270000 0.13574837310195229
272000 0.13661605206073751
274000 0.13815618221258136
276000 0.13594360086767895
278000 0.13622559652928418
280000 0.13737527114967463
282000 0.13670281995661604
284000 0.13772234273318873
286000 0.13268980477223427
288000 0.13240780911062908
290000 0.134295010845987
292000 0.13635574837310196
294000 0.1399132321041215
296000 0.13622559652928418
298000 0.13859002169197396
300000 0.13939262472885033
302000 0.13947939262472886
304000 0.13832971800433838
306000 0.14095444685466377
308000 0.13639913232104123
310000 0.13704989154013014
312000 0.13639913232104123
314000 0.13442516268980478
316000 0.1379175704989154
318000 0.13824295010845988
320000 0.13598698481561822
322000 0.1363123644251627
324000 0.13498915401301517
326000 0.13718004338394793
328000 0.13279826464208244
330000 0.13540130151843818
332000 0.1336008676789588
334000 0.13501084598698482
336000 0.13501084598698482
338000 0.13921908893709328
340000 0.1361822125813449
342000 0.13273318872017353
344000 0.13436008676789588
346000 0.1372885032537961
348000 0.1386117136659436
350000 0.1374403470715835
352000 0.13733188720173536
354000 0.13822125813449024
356000 0.13603036876355748
358000 0.1372234273318872
