0 0.4229934924078091
2000 0.1797180043383948
4000 0.14598698481561823
6000 0.13963123644251627
8000 0.14082429501084598
10000 0.1392407809110629
12000 0.13824295010845988
14000 0.13696312364425162
16000 0.13917570498915402
18000 0.14121475054229934
20000 0.14
22000 0.1399349240780911
24000 0.13620390455531453
26000 0.13969631236442517
28000 0.1399349240780911
30000 0.1387418655097614
32000 0.14106290672451194
34000 0.1404338394793926
36000 0.14036876355748373
38000 0.14049891540130152
40000 0.13822125813449024
42000 0.1406290672451193
44000 0.13917570498915402
46000 0.14054229934924078
48000 0.1402169197396963
50000 0.1409761388286334
52000 0.13867678958785248
54000 0.1409761388286334
56000 0.1420824295010846
58000 0.13969631236442517
60000 0.14164859002169197
62000 0.13754880694143168
64000 0.14013015184381777
66000 0.13989154013015184
68000 0.13845986984815617
70000 0.13980477223427332
72000 0.1372234273318872
74000 0.13835140997830803
76000 0.1402169197396963
78000 0.1392407809110629
80000 0.13815618221258136
82000 0.14149674620390457
84000 0.1410412147505423
86000 0.14197396963123643
88000 0.13845986984815617
90000 0.13607375271149674
92000 0.13772234273318873
94000 0.1387418655097614
96000 0.13752711496746203
98000 0.1359002169197397
100000 0.13898047722342732
102000 0.13980477223427332
104000 0.13982646420824296
106000 0.13995661605206075
108000 0.13947939262472886
110000 0.13872017353579175
112000 0.13989154013015184
114000 0.14002169197396963
116000 0.14206073752711496
118000 0.13984815618221258
120000 0.13928416485900216
122000 0.13529284164859
124000 0.14052060737527114
126000 0.13969631236442517
128000 0.14245119305856832
130000 0.14167028199566162
132000 0.14052060737527114
134000 0.13919739696312364
136000 0.13967462039045553
138000 0.1408893709327549
140000 0.13954446854663774
142000 0.13980477223427332
144000 0.1386117136659436
146000 0.14117136659436008
148000 0.13934924078091107
150000 0.14136659436008678
152000 0.140412147505423
154000 0.14093275488069415
156000 0.13956616052060739
158000 0.13733188720173536
160000 0.1379826464208243
162000 0.1423644251626898
164000 0.14225596529284165
166000 0.14132321041214752
168000 0.13982646420824296
170000 0.1379826464208243
172000 0.13685466377440347
174000 0.13880694143167027
176000 0.13921908893709328
178000 0.13670281995661604
180000 0.139587852494577
182000 0.1404338394793926
184000 0.14169197396963124
186000 0.13780911062906726
188000 0.14073752711496745
190000 0.14286334056399133
192000 0.14030368763557483
194000 0.1393058568329718
196000 0.14015184381778742
198000 0.1393709327548807
200000 0.1415835140997831
202000 0.14167028199566162
204000 0.1406290672451193
206000 0.14130151843817787
208000 0.13800433839479392
210000 0.13926247288503255
212000 0.14127982646420825
214000 0.13837310195227764
216000 0.13828633405639915
218000 0.1399132321041215
220000 0.14262472885032537
222000 0.14112798264642082
224000 0.13939262472885033
226000 0.1397180043383948
228000 0.13941431670281995
230000 0.13980477223427332
232000 0.13724511930585684
234000 0.1387418655097614
236000 0.1394360086767896
238000 0.13913232104121476
240000 0.13724511930585684
242000 0.13885032537960953
244000 0.13982646420824296
246000 0.1374403470715835
248000 0.14013015184381777
250000 0.14162689804772235
252000 0.14010845986984816
254000 0.13963123644251627
256000 0.14036876355748373
258000 0.14219088937093274
260000 0.141236442516269
262000 0.14015184381778742
264000 0.13789587852494578
266000 0.13872017353579175
268000 0.13785249457700652
270000 0.14030368763557483
272000 0.13800433839479392
274000 0.13928416485900216
276000 0.13869848156182213
278000 0.1393058568329718
280000 0.14065075921908893
282000 0.14114967462039046
284000 0.14342733188720175
286000 0.139587852494577
288000 0.13913232104121476
290000 0.1379175704989154
292000 0.13559652928416485
294000 0.13750542299349242
296000 0.13780911062906726
298000 0.1399132321041215
300000 0.14019522776572668
302000 0.13917570498915402
304000 0.14015184381778742
306000 0.13989154013015184
308000 0.1412581344902386
310000 0.14
312000 0.14164859002169197
314000 0.1419522776572668
316000 0.13828633405639915
318000 0.13882863340563992
320000 0.13752711496746203
322000 0.13765726681127982
324000 0.14095444685466377
326000 0.13934924078091107
328000 0.13976138828633405
330000 0.1410412147505423
332000 0.1387418655097614
334000 0.13913232104121476
336000 0.13865509761388287
338000 0.13845986984815617
340000 0.138763557483731
342000 0.139587852494577
344000 0.13796095444685466
346000 0.14067245119305857
348000 0.1390238611713666
350000 0.13945770065075921
352000 0.13724511930585684
354000 0.14004338394793928
356000 0.14004338394793928
358000 0.13982646420824296
