0 0.37093275488069416
1000 0.37093275488069416
2000 0.3593600867678959
3000 0.33660954446854663
4000 0.30884381778741865
5000 0.278882863340564
6000 0.250646420824295
7000 0.22321908893709327
8000 0.20268980477223428
9000 0.18208893709327548
10000 0.16464425162689805
11000 0.1528655097613883
12000 0.14397180043383948
13000 0.13535140997830802
14000 0.12953145336225597
15000 0.12429934924078091
16000 0.11947288503253796
17000 0.11549891540130151
18000 0.11205206073752712
19000 0.10937527114967462
20000 0.10642516268980477
21000 0.10393275488069414
22000 0.1015943600867679
23000 0.10012798264642082
24000 0.09858351409978308
25000 0.09721908893709327
26000 0.0958177874186551
27000 0.09465075921908894
28000 0.09364642082429502
29000 0.09266594360086768
30000 0.09193058568329718
31000 0.09076789587852495
32000 0.09021908893709328
33000 0.0896876355748373
34000 0.08904772234273318
35000 0.08845119305856833
36000 0.08781344902386116
37000 0.08728633405639913
38000 0.0869349240780911
39000 0.08640347071583514
40000 0.0859826464208243
41000 0.08566811279826464
42000 0.08532971800433839
43000 0.08521908893709328
44000 0.08493492407809111
45000 0.08477874186550977
46000 0.08437310195227765
47000 0.08404555314533622
48000 0.08376789587852494
49000 0.0835531453362256
50000 0.08327765726681129
51000 0.0832299349240781
52000 0.08311496746203904
53000 0.08303904555314534
54000 0.0829002169197397
55000 0.08260086767895879
56000 0.08263123644251627
57000 0.08255531453362255
58000 0.08242082429501085
59000 0.08250325379609544
60000 0.08231019522776573
61000 0.08216702819956616
62000 0.08205639913232105
63000 0.08202603036876356
64000 0.0818937093275488
65000 0.0817939262472885
66000 0.0816529284164859
67000 0.08164859002169197
68000 0.08157700650759218
69000 0.08156616052060738
70000 0.08167895878524946
71000 0.08145986984815619
72000 0.08136008676789588
73000 0.08131670281995662
74000 0.08127982646420824
75000 0.08124945770065076
76000 0.0811648590021692
77000 0.08115401301518438
78000 0.0812234273318872
79000 0.0811648590021692
80000 0.08115618221258135
81000 0.08099132321041215
82000 0.08087418655097614
83000 0.08076355748373101
84000 0.08069848156182212
85000 0.0806702819956616
86000 0.08066594360086768
87000 0.08073318872017353
88000 0.08059002169197398
89000 0.08050108459869848
90000 0.08052060737527116
91000 0.08046637744034707
92000 0.08052060737527116
93000 0.08056182212581345
94000 0.08049240780911063
95000 0.08032754880694143
96000 0.08031453362255965
97000 0.08042299349240781
98000 0.08026898047722343
99000 0.08027548806941431
100000 0.08021258134490239
101000 0.08020824295010846
102000 0.08009327548806941
103000 0.07999783080260303
104000 0.07997180043383947
105000 0.07998915401301518
106000 0.07996312364425162
107000 0.07982212581344902
108000 0.07976355748373103
109000 0.07981561822125813
110000 0.07972234273318872
111000 0.07966594360086768
112000 0.07973752711496747
113000 0.0795770065075922
114000 0.07963123644251627
115000 0.0796767895878525
116000 0.0796529284164859
117000 0.07967462039045553
118000 0.07971366594360087
119000 0.0796529284164859
120000 0.07970498915401301
121000 0.07964642082429502
122000 0.07962906724511931
123000 0.07961605206073753
124000 0.07957266811279827
125000 0.07961822125813449
126000 0.07960954446854664
127000 0.07952494577006508
128000 0.07949240780911063
129000 0.07937960954446854
130000 0.07952711496746204
131000 0.07947288503253797
132000 0.07953579175704989
133000 0.0795054229934924
134000 0.0793882863340564
135000 0.07939913232104122
136000 0.07948156182212582
137000 0.07942733188720173
138000 0.07949240780911063
139000 0.07948373101952277
140000 0.07946854663774404
141000 0.07948156182212582
142000 0.0794880694143167
143000 0.07944902386117136
144000 0.07945770065075922
145000 0.07941865509761388
146000 0.07945336225596529
147000 0.0794229934924078
148000 0.07936442516268981
149000 0.07937960954446854
150000 0.07936442516268981
151000 0.07932104121475055
152000 0.07931236442516269
153000 0.0793058568329718
154000 0.07933188720173535
155000 0.07923644251626898
156000 0.0793297180043384
157000 0.07931236442516269
158000 0.07916268980477223
159000 0.07917353579175705
160000 0.07920173535791757
161000 0.07926898047722343
162000 0.07926030368763558
163000 0.07937960954446854
164000 0.07933188720173535
165000 0.07921475054229934
166000 0.07917787418655098
167000 0.07924945770065076
168000 0.07920390455531454
169000 0.07909110629067245
170000 0.07918655097613883
171000 0.07928850325379609
172000 0.07929067245119306
173000 0.07927982646420824
174000 0.07931019522776572
175000 0.07927548806941431
176000 0.07931019522776572
177000 0.07927548806941431
178000 0.07929501084598699
179000 0.07931670281995662
180000 0.07931453362255965
181000 0.07928850325379609
182000 0.07923861171366595
183000 0.07923210412147505
184000 0.07923210412147505
185000 0.07923644251626898
186000 0.07929934924078091
187000 0.07925379609544468
188000 0.0793058568329718
189000 0.07930802603036877
190000 0.07931453362255965
191000 0.07930151843817787
192000 0.07931019522776572
193000 0.07931670281995662
194000 0.07927331887201736
195000 0.07930151843817787
196000 0.07930151843817787
197000 0.0793470715835141
198000 0.07928416485900217
199000 0.07930368763557484
200000 0.0794295010845987
201000 0.07943383947939263
202000 0.0793470715835141
203000 0.07937093275488069
204000 0.07940130151843817
205000 0.07937527114967462
206000 0.07938177874186551
207000 0.07936225596529284
208000 0.07935791757049891
209000 0.07932537960954447
210000 0.07929067245119306
211000 0.07926898047722343
212000 0.0793058568329718
213000 0.07939913232104122
214000 0.07933839479392625
215000 0.07931453362255965
216000 0.07938177874186551
217000 0.07939913232104122
218000 0.07936876355748373
219000 0.07932537960954447
220000 0.07936225596529284
221000 0.07939262472885032
222000 0.07925813449023861
223000 0.07927331887201736
224000 0.07929067245119306
225000 0.07931019522776572
226000 0.07942516268980478
227000 0.07939479392624729
228000 0.07935574837310196
229000 0.07939913232104122
230000 0.07935791757049891
231000 0.07934924078091106
232000 0.07932104121475055
233000 0.0793405639913232
234000 0.07929284164859002
235000 0.07940130151843817
236000 0.07934273318872018
237000 0.07928633405639914
238000 0.07925813449023861
239000 0.07930802603036877
240000 0.07934924078091106
241000 0.07930151843817787
242000 0.07931670281995662
243000 0.07931453362255965
244000 0.07924511930585683
245000 0.07938611713665944
246000 0.07937093275488069
247000 0.07933405639913232
248000 0.07928199566160521
249000 0.07931453362255965
250000 0.07936225596529284
251000 0.07938177874186551
252000 0.07935791757049891
253000 0.07938177874186551
254000 0.07938177874186551
255000 0.07934490238611713
256000 0.07937744034707159
257000 0.07937093275488069
258000 0.07940780911062907
259000 0.07939696312364425
260000 0.07940780911062907
261000 0.07944685466377441
262000 0.07945336225596529
263000 0.07947939262472885
264000 0.07943817787418656
265000 0.07943817787418656
266000 0.07941865509761388
267000 0.07948156182212582
268000 0.07943600867678959
269000 0.0794945770065076
270000 0.07946203904555314
271000 0.07948590021691974
272000 0.07945336225596529
273000 0.0794295010845987
274000 0.07940130151843817
275000 0.07947288503253797
276000 0.07953145336225596
277000 0.07952494577006508
278000 0.07945986984815619
279000 0.07952494577006508
280000 0.07955965292841649
281000 0.07956832971800434
282000 0.07959002169197398
283000 0.07967245119305857
284000 0.07958568329718005
285000 0.07965509761388287
286000 0.0796941431670282
287000 0.07970065075921909
288000 0.07964642082429502
289000 0.0796594360086768
290000 0.07968112798264643
291000 0.07968546637744035
292000 0.07968329718004338
293000 0.07970498915401301
294000 0.07972885032537962
295000 0.0796767895878525
296000 0.07962689804772234
297000 0.0796767895878525
298000 0.07966160520607375
299000 0.0796594360086768
300000 0.07971366594360087
301000 0.07966594360086768
302000 0.07964425162689805
303000 0.07969848156182213
304000 0.0796767895878525
305000 0.07964859002169197
306000 0.0796529284164859
307000 0.07968112798264643
308000 0.07966811279826465
309000 0.07970932754880694
310000 0.07974403470715835
311000 0.07977874186550976
312000 0.07973101952277657
313000 0.07974620390455532
314000 0.07975488069414317
315000 0.07974620390455532
316000 0.07973969631236442
317000 0.07968980477223428
318000 0.0797765726681128
319000 0.07980043383947939
320000 0.07976572668112798
321000 0.07972451193058569
322000 0.07968980477223428
323000 0.07969848156182213
324000 0.07969197396963124
325000 0.07971583514099784
326000 0.07976138828633406
327000 0.07972017353579176
328000 0.07978308026030369
329000 0.07985249457700651
330000 0.07989154013015184
331000 0.07983947939262473
332000 0.07982646420824295
333000 0.07982429501084598
334000 0.07988069414316702
335000 0.07989154013015184
336000 0.07986984815618221
337000 0.07981995661605205
338000 0.07990672451193058
339000 0.07988503253796095
340000 0.07986767895878524
341000 0.07993926247288503
342000 0.07995661605206074
343000 0.07996963123644252
344000 0.07997830802603037
345000 0.07998915401301518
346000 0.07997830802603037
347000 0.08006941431670282
348000 0.07998047722342733
349000 0.08002819956616052
350000 0.0799826464208243
351000 0.07997830802603037
352000 0.08004772234273319
353000 0.08000867678958785
354000 0.07996312364425162
355000 0.07995010845986984
356000 0.08000650759219088
357000 0.080058568329718
358000 0.08000216919739696
359000 0.08000650759219088
