1 0.4164859002169197
2 0.18811279826464208
3 0.14193058568329717
4 0.1281995661605206
5 0.12303687635574838
6 0.12067245119305857
7 0.1168112798264642
8 0.11392624728850326
9 0.11216919739696313
10 0.10989154013015184
11 0.10874186550976139
12 0.10763557483731019
13 0.10668112798264642
14 0.10581344902386117
15 0.103058568329718
16 0.10279826464208243
17 0.10247288503253796
18 0.09908893709327549
19 0.10073752711496746
20 0.0993709327548807
21 0.09809110629067246
22 0.09733188720173536
23 0.09759219088937093
24 0.0965943600867679
25 0.0959002169197397
26 0.0961822125813449
27 0.09713665943600867
28 0.09709327548806941
29 0.09735357917570499
30 0.09778741865509762
31 0.09822125813449024
32 0.09913232104121475
33 0.09911062906724512
34 0.09913232104121475
35 0.09802603036876356
36 0.09789587852494577
37 0.09822125813449024
38 0.09819956616052061
39 0.09822125813449024
40 0.09793926247288504
41 0.09765726681127983
42 0.09739696312364425
43 0.09663774403470715
44 0.09650759219088938
45 0.09622559652928417
46 0.09663774403470715
47 0.09646420824295011
48 0.09648590021691975
49 0.09663774403470715
50 0.09668112798264641
51 0.09646420824295011
52 0.09683297180043383
53 0.09665943600867678
54 0.09759219088937093
55 0.09713665943600867
56 0.09815618221258135
57 0.09802603036876356
58 0.0985466377440347
59 0.09919739696312364
60 0.09984815618221259
61 0.10002169197396964
62 0.09887201735357917
63 0.09960954446854664
64 0.10017353579175706
65 0.10010845986984816
66 0.10023861171366594
67 0.10052060737527115
68 0.10017353579175706
69 0.09980477223427332
70 0.10017353579175706
71 0.1
72 0.10008676789587853
73 0.10004338394793927
74 0.10067245119305857
75 0.1000650759219089
76 0.09984815618221259
77 0.09921908893709327
78 0.09878524945770065
79 0.0989587852494577
80 0.09863340563991323
81 0.09843817787418654
82 0.09811279826464209
83 0.09813449023861172
84 0.09843817787418654
85 0.09835140997830803
86 0.09822125813449024
87 0.09806941431670282
88 0.09809110629067246
89 0.09878524945770065
90 0.09876355748373102
91 0.09845986984815618
92 0.0985466377440347
93 0.09785249457700651
94 0.09783080260303688
95 0.09850325379609544
96 0.0982646420824295
97 0.09822125813449024
98 0.09802603036876356
99 0.09815618221258135
100 0.09800433839479393
101 0.09783080260303688
102 0.09806941431670282
103 0.09865509761388286
104 0.09911062906724512
105 0.09934924078091106
106 0.09943600867678959
107 0.0996529284164859
108 0.09928416485900217
109 0.09900216919739696
110 0.09911062906724512
111 0.09911062906724512
112 0.09915401301518438
113 0.09913232104121475
114 0.09911062906724512
115 0.09928416485900217
116 0.09908893709327549
117 0.09900216919739696
118 0.09900216919739696
119 0.09945770065075922
120 0.09917570498915401
121 0.0993058568329718
122 0.09915401301518438
123 0.09921908893709327
124 0.09906724511930586
125 0.09950108459869848
126 0.0993058568329718
127 0.0993058568329718
128 0.09943600867678959
129 0.09950108459869848
130 0.09958785249457701
131 0.09954446854663775
132 0.09945770065075922
133 0.09963123644251627
134 0.09976138828633406
135 0.09973969631236443
136 0.09973969631236443
137 0.09973969631236443
138 0.09978308026030369
139 0.09978308026030369
140 0.09978308026030369
141 0.09978308026030369
142 0.09978308026030369
143 0.09978308026030369
144 0.09978308026030369
145 0.09978308026030369
146 0.09978308026030369
147 0.09978308026030369
148 0.09978308026030369
149 0.09978308026030369
150 0.09978308026030369
151 0.09978308026030369
152 0.09978308026030369
153 0.09978308026030369
154 0.09978308026030369
155 0.09978308026030369
156 0.09978308026030369
157 0.09978308026030369
158 0.09978308026030369
159 0.09978308026030369
160 0.09978308026030369
161 0.09978308026030369
162 0.09978308026030369
163 0.09978308026030369
164 0.09978308026030369
165 0.09978308026030369
166 0.09978308026030369
167 0.09978308026030369
168 0.09978308026030369
169 0.09978308026030369
170 0.09978308026030369
171 0.09978308026030369
172 0.09978308026030369
173 0.09978308026030369
174 0.09978308026030369
175 0.09978308026030369
176 0.09978308026030369
177 0.09978308026030369
178 0.09978308026030369
179 0.09978308026030369
180 0.09978308026030369
