2078 0.7907295255559811 0.8688
4522 0.5643879606674441 0.8838
6966 0.47892803099440606 0.89
9410 0.4338391521383649 0.8942
11854 0.40601855130688763 0.8994
14298 0.38718582017484227 0.9024
16742 0.3736381870037425 0.9041
19186 0.36344468682402936 0.9054
21630 0.3555088543694746 0.9065
24074 0.34916190609463965 0.9072
26518 0.3439735663987491 0.9079
28962 0.3396551248657832 0.9082
31406 0.33600608581049907 0.9087
33850 0.33288311349079946 0.9096
36294 0.33018113662194226 0.9102
38738 0.32782168499618775 0.9116
41182 0.3257452479860361 0.9121
43626 0.32390496159132626 0.9126
46070 0.32226473070245554 0.9131
48514 0.32079374332779426 0.9133
50958 0.3194690616562146 0.9136
53402 0.31828640574384215 0.914
55846 0.31719353106388154 0.9147
58290 0.3162142608211549 0.9152
60734 0.3153013908608435 0.9159
63178 0.3144803399189766 0.9159
65622 0.3137091887649569 0.9163
68066 0.3130154838928201 0.9167
70510 0.3123727034026807 0.9171
72954 0.31176215576611427 0.9171
75398 0.3112137047389328 0.9172
77842 0.3107026855407569 0.9169
80286 0.31022824507689145 0.9169
82730 0.3097696139165425 0.9168000000000001
85174 0.30936044781901484 0.917
87618 0.30897742069413003 0.9172
90062 0.3086196159991678 0.9172
92506 0.3082788642883468 0.9174
94950 0.3079665827366538 0.9173
97394 0.3076742943813515 0.9172
99838 0.3073995761809736 0.9172
102282 0.3071278238022111 0.9172
104726 0.30689050336427354 0.9171
107170 0.3066664645665288 0.9172
109614 0.3064544068129554 0.9173
112058 0.3062543738024967 0.9174
114502 0.30606609631260207 0.917
116946 0.30588893192208827 0.917
119390 0.3057222099942274 0.917
121834 0.3055653166576986 0.917
124278 0.30541773039062237 0.917
126722 0.3052789979447247 0.9168000000000001
129166 0.30514866098321586 0.9168000000000001
131610 0.3050262390108499 0.9168000000000001
134054 0.30491126705795535 0.9167
136498 0.3048033206954207 0.9167
138942 0.30470201698400823 0.9169
141386 0.30460700734710183 0.9169
143830 0.30451797122484475 0.9169
146274 0.30443461184106274 0.917
148718 0.30435665334732787 0.9169
151162 0.3042838386746676 0.9169
153606 0.30421592776026807 0.9169
156050 0.3041526960132431 0.917
158494 0.30409393296256026 0.9167
160938 0.3040394410565612 0.9167
163382 0.30398903459193155 0.9167
165826 0.3039425387537742 0.9167
168270 0.30389978875138907 0.917
170714 0.30386062903696287 0.9169
173158 0.30382491259690303 0.9171
175602 0.30379250030766974 0.9171
178046 0.30376326034961404 0.9171
180490 0.30373706767344205 0.9171
182934 0.3037138035148576 0.9173
185378 0.30369335495309385 0.9172
187822 0.3036756145094517 0.9171
190266 0.30366047978197813 0.9171
192710 0.3036478531125676 0.9173
195154 0.3036376412829912 0.9174
197598 0.30362975523668423 0.9174
200042 0.30362410982343674 0.9173
202486 0.3036206235646082 0.9173
204930 0.3036192184368148 0.9173
207374 0.30361981967246415 0.9172
209818 0.3036223555756532 0.9171
212262 0.3036267573522958 0.9171
214706 0.30363295895337433 0.9173
217150 0.30364089693033325 0.9173
219594 0.30365051030167567 0.9174
222038 0.303661740429943 0.9173
224482 0.3036745309081428 0.9173
226926 0.30368882745489684 0.9173
229370 0.3037045778174854 0.9173
231814 0.3037217316820525 0.9174
234258 0.303740240590294 0.9175
236702 0.3037600578619281 0.9175
239146 0.303781138522319 0.9176
241590 0.30380343923471725 0.9177
244034 0.30382691823653163 0.9177
246478 0.3038515352791691 0.9177
248922 0.30387725157105133 0.9177
251366 0.3039040297233426 0.9178999999999999
253810 0.3039318336981825 0.9178999999999999
256254 0.30396062875905305 0.918
258698 0.30399038142311263 0.918
261142 0.3040210594152767 0.9178999999999999
263586 0.3040526316239276 0.918
266030 0.30408506805811353 0.918
268474 0.30411833980615366 0.9182
270918 0.30415241899557277 0.9183
273362 0.30418255131155775 0.9183
275806 0.3042110761033318 0.9183
278250 0.30424038334292997 0.9184
280694 0.30426771046254764 0.9183
283138 0.3042909424243967 0.9185
285582 0.30431493441178 0.9186
288026 0.3043396635316208 0.9187
290470 0.30436510766972835 0.9187
292914 0.30439124546052215 0.9188000000000001
295358 0.3044180562579841 0.919
297802 0.3044455201077681 0.9191
300246 0.3044736177205007 0.9189
302690 0.3045023304461611 0.9188000000000001
305134 0.3045316402495939 0.9187
307578 0.3045615296870422 0.9187
310022 0.3045919818836916 0.9187
312466 0.30462298051222053 0.9185
314910 0.3046545097722355 0.9186
317354 0.3046865543706619 0.9186
319798 0.3047190995029397 0.9186
322242 0.30475213083507147 0.9187
324686 0.3047856344864269 0.9187
327130 0.30481959701330286 0.9188000000000001
329574 0.3048540053931821 0.9186
332018 0.3048888470096608 0.9185
334462 0.3049241096380121 0.9185
336906 0.3049597814313167 0.9185
339350 0.3049958509071766 0.9186
341794 0.3050323069349952 0.9184
344238 0.30506913872373514 0.9184
346682 0.305106335810155 0.9184
349126 0.3051438880474083 0.9184
351570 0.30518178559420805 0.9184
354014 0.30522001890430794 0.9183
356458 0.30525857871634066 0.9182
358902 0.3052974560440454 0.9181
