895 0.8904649577993767 0.7999
1989 0.7163414852168708 0.8108
3083 0.6467702588876535 0.8201
4177 0.607616725102138 0.827
5271 0.5832767623466473 0.832
6365 0.5647994579749591 0.8378
7459 0.5521098402498854 0.84
8553 0.5419748825817337 0.8435
9647 0.5351712483257592 0.8438
10741 0.5279167788132954 0.8465
11835 0.5224897064540314 0.8486
12929 0.5188614194884829 0.8473999999999999
14023 0.5150898734134677 0.8489
15117 0.5118074364458676 0.8492
16211 0.5091966635438945 0.8495
17305 0.5055104853272381 0.851
18399 0.5039291576245494 0.8509
19493 0.5006809612194043 0.851
20587 0.49961691199188324 0.8515
21681 0.4969980687458339 0.8519
22775 0.4962276669087689 0.852
23869 0.4938126723019864 0.8531
24963 0.49332950193473846 0.8536
26057 0.4915079356404567 0.8533
27151 0.4899902128977179 0.8545
28245 0.48868120335967585 0.8544
29339 0.48779606081559196 0.8549
30433 0.4868868098199062 0.8553999999999999
31527 0.48589582714330426 0.8557
32621 0.4848559334565981 0.8563000000000001
33715 0.4842836325002283 0.8567
34809 0.48390921350558874 0.8567
35903 0.48296687727712406 0.8565
36997 0.4828633669665099 0.8561
38091 0.48252379711934973 0.8561
39185 0.48255447217644915 0.8564
40279 0.48222623416615396 0.8562
41373 0.48172450722194426 0.8567
42467 0.4816222331909447 0.8566
43561 0.48139192057087665 0.8567
44655 0.48093676276047137 0.8569
45749 0.48088944571973524 0.8567
46843 0.48080179201252776 0.8564
47937 0.4806178102772843 0.8565
49031 0.48049060418701794 0.8564
50125 0.48058839905405687 0.8564
51219 0.48043192795373907 0.8562
52313 0.48035904338600366 0.8562
53407 0.4799765696664535 0.8565
54501 0.4795238170805972 0.8569
55595 0.478958970327876 0.8573999999999999
56689 0.47876208290922967 0.8573999999999999
57783 0.4789836322794781 0.8571
58877 0.478820473007715 0.8566
59971 0.4781030823442441 0.8575
61065 0.47845526304693414 0.8571
62159 0.4780083666934866 0.8575
63253 0.4784090815304177 0.8569
64347 0.4779316826902407 0.8575
65441 0.47828340796851615 0.8572
66535 0.47807612237145514 0.8577
67629 0.47828705227295715 0.8579
68723 0.4778258798883454 0.8579
69817 0.4775229853844401 0.8579
70911 0.4777608383505771 0.8575
72005 0.47755290275783074 0.8579
73099 0.4775680577853692 0.8578
74193 0.4772947446969036 0.8579
75287 0.4772972226472706 0.8587
76381 0.4772384747241058 0.8583000000000001
77475 0.47693506418431864 0.8588
78569 0.477524273059754 0.8587
79663 0.47752848098210426 0.8576
80757 0.4775175392134065 0.8573999999999999
81851 0.47802316614203466 0.8572
82945 0.47771133267250554 0.8571
84039 0.47757942831390165 0.8575
85133 0.47768082065678763 0.8581
86227 0.47791954802805714 0.8583000000000001
87321 0.47782452567517847 0.8585
88415 0.4775646509575989 0.8583000000000001
89509 0.4778522310312844 0.8582
90603 0.47744369696920685 0.8584
91697 0.47687344572849927 0.8585
92791 0.47714409209907005 0.8585
93885 0.47769500631793943 0.8583000000000001
94979 0.47793804805929246 0.858
96073 0.4771684003104911 0.8588
97167 0.47696019531357114 0.8589
98261 0.4776056436252945 0.8581
99355 0.47802645063902427 0.8576
100449 0.47781512758468137 0.8581
101543 0.4777526354742009 0.8579
102637 0.47745229585818016 0.8579
103731 0.4773409724929924 0.8578
104825 0.47670490335112237 0.8587
105919 0.47702114244880534 0.858
107013 0.47742103215396636 0.8573999999999999
108107 0.4775991527410699 0.8573
109201 0.4775481992260107 0.8572
110295 0.4778236809201408 0.8577
111389 0.4778330885741637 0.8575
112483 0.47817742625966503 0.8576
113577 0.47819483760704196 0.8573999999999999
114671 0.4781591403415886 0.8573
115765 0.4787588269539703 0.8569
116859 0.4784070679301463 0.8576
117953 0.47838670955376483 0.8573
119047 0.4786922090286584 0.8572
120141 0.4781799600079072 0.8571
121235 0.4781690982499005 0.8571
122329 0.4783300381109446 0.857
123423 0.4782067842255318 0.8568
124517 0.4777841128404259 0.8573999999999999
125611 0.47812805856816365 0.8569
126705 0.47867005161297765 0.8575
127799 0.4789273143277134 0.8569
128893 0.47887307570878845 0.8573
129987 0.4787938390550574 0.857
131081 0.4785217937116592 0.8568
132175 0.4786256483534859 0.8568
133269 0.4789113575410159 0.8565
134363 0.47882430253665637 0.8566
135457 0.47837200655980766 0.8564
136551 0.4785793263772468 0.8565
137645 0.4790284180534842 0.8571
138739 0.4789133085441884 0.8564
139833 0.4791495329379668 0.856
140927 0.47944060037632635 0.8561
142021 0.4794471873938168 0.8559
143115 0.47962382149135335 0.8563000000000001
144209 0.47955150348042463 0.8567
145303 0.47940052852038906 0.8568
146397 0.47962184836161587 0.8568
147491 0.4792924229248749 0.8573999999999999
148585 0.4793480593219017 0.8572
149679 0.4795432652796598 0.8568
150773 0.4786756724860201 0.8571
151867 0.4793482093955793 0.8569
152961 0.48005844796655767 0.8566
154055 0.48004501271929667 0.8567
155149 0.4798258264578137 0.8567
156243 0.47968456190197784 0.8575
157337 0.47963615003341153 0.8576
158431 0.48041088136054616 0.8565
159525 0.4801241676482836 0.8569
160619 0.47998555488272043 0.8568
161713 0.47991696228626335 0.8573999999999999
162807 0.4797468932868164 0.8573
163901 0.4800094727140458 0.8569
164995 0.48013442597854666 0.8571
166089 0.48038024700883636 0.8569
167183 0.48045989816584717 0.8569
168277 0.48033826058127854 0.8568
169371 0.48116197634685076 0.857
170465 0.4809476351882624 0.8572
171559 0.48049485270273223 0.8573999999999999
172653 0.4809771546834318 0.8573999999999999
173747 0.48088289464934714 0.8573
174841 0.48105126526151026 0.8575
175935 0.48096884469402623 0.8569
177029 0.4808883241276077 0.8576
178123 0.4813671226503737 0.8573
179217 0.48136647339608946 0.8575
180311 0.48139360450673396 0.8576
181405 0.48105671690809243 0.8573999999999999
182499 0.4816283070397957 0.8578
183593 0.48142397593524383 0.8572
184687 0.48166400485730065 0.858
185781 0.48178725772660674 0.8575
186875 0.4817181201373164 0.8578
187969 0.4816671983084424 0.8573999999999999
189063 0.48186898626888014 0.858
190157 0.4819409432589757 0.8578
191251 0.4819423900650132 0.8578
192345 0.48196014038019647 0.8575
193439 0.4818266872395395 0.8579
194533 0.48157027912352834 0.8577
195627 0.48134051530177047 0.8576
196721 0.4811940561499754 0.8581
197815 0.4816384791271254 0.8577
198909 0.4816834740556642 0.8577
200003 0.4820421815460966 0.8573999999999999
201097 0.482005997611711 0.8577
202191 0.48217528492290057 0.857
203285 0.4821082498061183 0.8572
204379 0.48229731046004926 0.8571
205473 0.4820773018763587 0.8568
206567 0.4826056818451185 0.857
207661 0.48245981958010226 0.8573
208755 0.4823163355343921 0.8575
209849 0.48203966797501746 0.8572
210943 0.4823264938377972 0.8573
212037 0.4823906845777694 0.8569
213131 0.48268135062840045 0.8569
214225 0.4829451822012349 0.857
215319 0.48310332552689733 0.8567
216413 0.4832047942645575 0.8565
217507 0.48330406782670604 0.8562
218601 0.4834071798700219 0.8563000000000001
219695 0.4834500136753806 0.8562
220789 0.48357668352678995 0.8557
221883 0.48399119401014357 0.8557
222977 0.4838155653793908 0.8561
224071 0.4841837813769502 0.8557
225165 0.4840541226022232 0.8557
226259 0.4841017643542534 0.8553999999999999
227353 0.4841359475353892 0.8553
228447 0.48431089804737465 0.8553
229541 0.48437727056692054 0.8564
230635 0.4845831134240744 0.8558
231729 0.4844297796967233 0.8558
232823 0.48456601530195403 0.8556
233917 0.48489993107394785 0.8555
235011 0.48487625389103367 0.8553999999999999
236105 0.48490005265548414 0.8555
237199 0.4850883158664301 0.8553
238293 0.48505553020931574 0.8558
239387 0.48518479813020804 0.8552
240481 0.48540003220491074 0.8555
241575 0.4852922791847298 0.8558
242669 0.4853675813335749 0.8558
243763 0.48562204988650054 0.8558
244857 0.48544818531046885 0.8557
245951 0.4854733345855321 0.8558
247045 0.48571303860059045 0.8558
248139 0.4853967596960109 0.8557
249233 0.4853370265743425 0.8553
250327 0.485607324092619 0.8553
251421 0.48600591281518374 0.8558
252515 0.48588086176530076 0.8553999999999999
253609 0.48569097131019445 0.8561
254703 0.48602286483033774 0.8553
255797 0.4859213920011866 0.8556
256891 0.4857335360566272 0.8556
257985 0.48599103316752307 0.8556
259079 0.48603737128389046 0.856
260173 0.48603326981443423 0.8557
261267 0.4864631938860632 0.8556
262361 0.48631281618771594 0.8553999999999999
263455 0.48663373043752056 0.856
264549 0.48670306755526543 0.8557
265643 0.4868468214477382 0.8553999999999999
266737 0.48649919093134386 0.8556
267831 0.4866536368562044 0.8558
268925 0.48663546564859705 0.8553999999999999
270019 0.4866164924568551 0.8559
271113 0.48686047016404227 0.8557
272207 0.4871928885579057 0.8561
273301 0.48663615080451683 0.8563000000000001
274395 0.48716564827219627 0.856
275489 0.4870385245672701 0.8559
276583 0.4875352410997532 0.856
277677 0.4875148212917443 0.8561
278771 0.48777292216545537 0.8556
279865 0.4873876163564345 0.8557
280959 0.48781177865825975 0.8555
282053 0.48776539315897255 0.8555
283147 0.48791084029544846 0.8555
284241 0.48774921052271036 0.8552
285335 0.48797217721231545 0.8551
286429 0.48785875264607614 0.8553
287523 0.48808398061579966 0.8553
288617 0.487961975332745 0.8553999999999999
289711 0.48820786313734127 0.8555
290805 0.4880162238652413 0.8555
291899 0.48805027658889877 0.8559
292993 0.48816259400886985 0.8559
294087 0.48871776882558926 0.8557
295181 0.48839807852457406 0.8557
296275 0.4886663446443832 0.8557
297369 0.48836407614900657 0.8562
298463 0.48846592257315924 0.8564
299557 0.4886091840856407 0.8558
300651 0.48870163278713674 0.856
301745 0.4883068526242511 0.8563000000000001
302839 0.4890991424772452 0.8555
303933 0.488819772396141 0.8558
305027 0.48900856658866926 0.8558
306121 0.4888886531343923 0.8553999999999999
307215 0.48937443064687514 0.8556
308309 0.4891634552005958 0.8553999999999999
309403 0.4892383581099756 0.8556
310497 0.4890277793745111 0.8558
311591 0.4893183301448871 0.8559
312685 0.48927763396739665 0.8555
313779 0.48966983050651314 0.8557
314873 0.48944405945537994 0.8556
315967 0.48965603031459987 0.8555
317061 0.489416456214696 0.8557
318155 0.4897559443456801 0.8553999999999999
319249 0.4895574686905432 0.8556
320343 0.4895926727248789 0.8563000000000001
321437 0.489701254570267 0.8559
322531 0.48991911579808 0.8559
323625 0.4898367711866552 0.8558
324719 0.4902002936896235 0.8555
325813 0.49016824137083487 0.8558
326907 0.49008179120096557 0.8556
328001 0.48974216111673013 0.8561
329095 0.4902787361683695 0.8552
330189 0.49020917513006745 0.856
331283 0.49072027912060984 0.855
332377 0.49024866161985875 0.8559
333471 0.4903455040732759 0.8555
334565 0.49035591039156795 0.8559
335659 0.49091090531080006 0.8548
336753 0.4908043451520929 0.8557
337847 0.49126347200139253 0.855
338941 0.4908276536699194 0.8558
340035 0.4909711321328421 0.8552
341129 0.4911915793412978 0.8552
342223 0.49147153316355524 0.8552
343317 0.49143054962171 0.8548
344411 0.4916418970949524 0.8545
345505 0.4913885985750075 0.8547
346599 0.4917168963018872 0.8548
347693 0.4915321476506685 0.8548
348787 0.49169517863572737 0.8547
349881 0.49107936339677255 0.8553
350975 0.4919405793082052 0.8547
352069 0.4914397582070658 0.8553999999999999
353163 0.4919170282627587 0.8548
354257 0.4918243892059183 0.8552
355351 0.4921967485658945 0.8551
356445 0.49185979244939915 0.8552
357539 0.4919303133686888 0.8549
358633 0.49187338926296686 0.8553999999999999
359727 0.49188265140323456 0.8553
