1061 0.9315975951114831 0.7910234419668382
2343 0.7570302269713802 0.8061749571183534
3625 0.6818794112986504 0.8190394511149228
4907 0.6401472787104256 0.8336192109777015
6189 0.6130561760948305 0.8407661520869067
7471 0.593545358548115 0.8467695826186392
8753 0.5784969100730551 0.8513436249285306
10035 0.5663315884474964 0.8553459119496856
11317 0.5561599500793081 0.8604917095483133
12599 0.5474394192030965 0.8639222412807318
13881 0.5398180686693871 0.8653516295025729
15163 0.5330562722745283 0.868210405946255
16445 0.5269843215174449 0.8687821612349914
17727 0.5214780595609598 0.8690680388793597
19009 0.5164441516693506 0.8704974271012007
20291 0.5118107957844106 0.8730703259005146
21573 0.5075216479884908 0.8747855917667239
22855 0.5035317242757948 0.8762149799885649
24137 0.49980455978581967 0.8770726129216695
25419 0.49631019268796844 0.8785020011435106
26701 0.4930237034960021 0.8796455117209834
27983 0.4899241374090013 0.8799313893653516
29265 0.4869936963655541 0.8802172670097198
30547 0.4842171245778456 0.8799313893653516
31829 0.48158123517375523 0.8799313893653516
33111 0.47907454128514515 0.8807890222984562
34393 0.47668696548025813 0.8819325328759291
35675 0.4744096086710349 0.883076043453402
36957 0.4722345646656552 0.8842195540308748
38239 0.4701547701028725 0.8853630646083477
39521 0.4681638820644438 0.8862206975414523
40803 0.46625617752294357 0.8873642081189251
42085 0.46442647015146665 0.8873642081189251
43367 0.4626700410398715 0.8873642081189251
44649 0.4609825806270123 0.8879359634076616
45931 0.45936013973805695 0.8873642081189251
47213 0.457799088059075 0.8887935963407662
48495 0.456296078722563 0.8896512292738707
49777 0.45484801794241936 0.8902229845626072
51059 0.45345203884396906 0.8905088622069754
52341 0.4521054787974441 0.8907947398513436
53623 0.45080585969212117 0.89136649514008
54905 0.4495508706908102 0.89136649514008
56187 0.4483383530863513 0.8922241280731846
57469 0.44716628694775334 0.8922241280731846
58751 0.4460327792967557 0.8933676386506575
60033 0.4449360535989358 0.8936535162950258
61315 0.4438744403886696 0.8933676386506575
62597 0.4428463688761209 0.8936535162950258
63879 0.4418503594081807 0.8945111492281304
65161 0.4408850166748722 0.8945111492281304
66443 0.43994902356893717 0.8945111492281304
67725 0.4390411356198864 0.8942252715837622
69007 0.4381601759350284 0.8942252715837622
70289 0.4373050305894738 0.8942252715837622
71571 0.43647464441503364 0.8945111492281304
72853 0.4356680171446462 0.8947970268724985
74135 0.43488419987469734 0.8950829045168668
75417 0.43412229181233003 0.8953687821612349
76699 0.4333814372790378 0.8956546598056032
77981 0.43266082294531655 0.8959405374499714
79263 0.4319596752741721 0.8956546598056032
80545 0.4312772581538918 0.8959405374499714
81827 0.4306128707026999 0.8959405374499714
83109 0.42996584522991943 0.8962264150943396
84391 0.429335545339868 0.8962264150943396
85673 0.42872136416625856 0.8962264150943396
86955 0.42812272272612883 0.8967981703830761
88237 0.42753906838342554 0.8970840480274442
89519 0.42696987341341397 0.8970840480274442
90801 0.42641463365990123 0.8967981703830761
92083 0.42587286727805845 0.8970840480274442
93365 0.4253441135562971 0.8970840480274442
94647 0.42482793181126277 0.8973699256718125
95929 0.4243239003505656 0.8976558033161807
97211 0.42383161549829246 0.8976558033161807
98493 0.42335069067885384 0.8979416809605489
99775 0.4228807555550192 0.8982275586049171
101057 0.4224214552164119 0.8982275586049171
102339 0.421972449415001 0.8979416809605489
103621 0.4215334118444253 0.8985134362492853
104903 0.42110402946021963 0.8985134362492853
106185 0.42068400183827465 0.8987993138936535
107467 0.42027304056903725 0.8990851915380217
108749 0.4198708686851737 0.89937106918239
110031 0.4194772201205554 0.9002287021154946
111313 0.41909183919862064 0.9002287021154946
112595 0.41871448014829665 0.9002287021154946
113877 0.41834490664576574 0.9002287021154946
115159 0.41798289138053935 0.9002287021154946
116441 0.4176282156443516 0.9002287021154946
117723 0.41728066894153304 0.9002287021154946
119005 0.416940048619578 0.9002287021154946
120287 0.41660615951875457 0.9002287021154946
121569 0.41627881363959746 0.9002287021154946
122851 0.4159578298273381 0.9002287021154946
124133 0.41564303347221027 0.9002287021154946
125415 0.41533425622481757 0.9002287021154946
126697 0.4150313357256557 0.9002287021154946
127979 0.41473411534803983 0.9002287021154946
129261 0.4144424439536555 0.9002287021154946
130543 0.4141561756600895 0.9002287021154946
131825 0.41387516961963317 0.9005145797598628
133107 0.4135992898087964 0.9010863350485991
134389 0.4133284048278899 0.9013722126929674
135671 0.4130623877102272 0.9013722126929674
136953 0.41280111574033246 0.9016580903373357
138235 0.41254447028076663 0.9016580903373357
139517 0.4122923366070465 0.9016580903373357
140799 0.41204460375029217 0.9016580903373357
142081 0.41180116434716 0.9013722126929674
143363 0.41156191449669455 0.9013722126929674
144645 0.4113267536237613 0.9019439679817038
145927 0.4110955843486863 0.9019439679817038
147209 0.4108683123628385 0.9019439679817038
148491 0.4106448463097949 0.9019439679817038
149773 0.41042509767185925 0.902229845626072
151055 0.4102089806616291 0.9025157232704403
152337 0.4099964121183764 0.9025157232704403
153619 0.40978731140901054 0.9025157232704403
154901 0.4095816003333711 0.9028016009148084
156183 0.40937920303366376 0.9030874785591767
157465 0.40918004590781926 0.9033733562035449
158747 0.40898405752660594 0.9033733562035449
160029 0.4087911685542754 0.9030874785591767
161311 0.4086013116726258 0.9028016009148084
162593 0.40841442150826374 0.9030874785591767
163875 0.40823043456294567 0.9030874785591767
165157 0.4080492891468467 0.9030874785591767
166439 0.40787092531462243 0.9030874785591767
167721 0.40769528480409856 0.9033733562035449
169003 0.4075223109775295 0.9036592338479131
170285 0.40735194876523806 0.9036592338479131
171567 0.4071841446115755 0.9036592338479131
172849 0.4070188464230728 0.9036592338479131
174131 0.4068560035186745 0.9036592338479131
175413 0.4066955665819933 0.9036592338479131
176695 0.4065374876154485 0.9036592338479131
177977 0.40638171989624305 0.9036592338479131
179259 0.406228217934073 0.9036592338479131
180541 0.40607693743049905 0.9042309891366496
181823 0.4059278352399062 0.9042309891366496
183105 0.40578086933196983 0.9042309891366496
184387 0.4056359987555963 0.9042309891366496
185669 0.40549318360422215 0.9042309891366496
186951 0.4053523849824534 0.9042309891366496
188233 0.4052135649739686 0.9042309891366496
189515 0.4050766866106384 0.9042309891366496
190797 0.40494171384279276 0.9045168667810177
192079 0.40480861151061964 0.9045168667810177
193361 0.4046773453166055 0.9045168667810177
194643 0.4045478817990077 0.9045168667810177
195925 0.4044201883062932 0.9045168667810177
197207 0.4042942329725188 0.9045168667810177
198489 0.40416998469359516 0.9045168667810177
199771 0.4040474131044213 0.9045168667810177
201053 0.4039264885568301 0.9045168667810177
202335 0.40379905910905767 0.9045168667810177
203617 0.40367304147446237 0.9045168667810177
204899 0.40354862016828164 0.9045168667810177
206181 0.4034257679141596 0.9045168667810177
207463 0.4033044580581571 0.9048027444253859
208745 0.403184664550871 0.9048027444253859
210027 0.4030663619301419 0.9048027444253859
211309 0.40294952530437633 0.9048027444253859
212591 0.40283413033642845 0.9048027444253859
213873 0.40272015322803556 0.9048027444253859
215155 0.4026075707047722 0.9048027444253859
216437 0.4024963600015157 0.9050886220697542
217719 0.4023864988483976 0.9053744997141223
219001 0.40227796545722566 0.9056603773584906
220283 0.40217073850833784 0.9056603773584906
221565 0.40206479713791227 0.9056603773584906
222847 0.4019601209256764 0.9056603773584906
224129 0.4018566898830225 0.9056603773584906
225411 0.40175448444150313 0.9059462550028587
226693 0.40165348544169677 0.9059462550028587
227975 0.40155367412244175 0.9056603773584906
229257 0.4014550321103966 0.9053744997141223
230539 0.40135754140993124 0.9056603773584906
231821 0.401261184393364 0.9056603773584906
233103 0.40116594379145837 0.9059462550028587
234385 0.4010718026842567 0.9059462550028587
235667 0.4009787444921763 0.9059462550028587
236949 0.4008867529673891 0.9059462550028587
238231 0.40079581218545923 0.9059462550028587
239513 0.40070590653723875 0.9059462550028587
240795 0.40061702072100763 0.9059462550028587
242077 0.4005291397348636 0.9059462550028587
243359 0.40044224886931024 0.9059462550028587
244641 0.40035633370010065 0.9059462550028587
245923 0.4002713800812719 0.9059462550028587
247205 0.40018737413839334 0.9059462550028587
248487 0.4001043022620128 0.906232132647227
249769 0.4000221511012897 0.906232132647227
251051 0.39994090755782663 0.906232132647227
252333 0.39986055877965443 0.906232132647227
253615 0.39978109215542706 0.906232132647227
254897 0.39970249530873736 0.9059462550028587
256179 0.399624756092643 0.9059462550028587
257461 0.39954786258431113 0.9059462550028587
258743 0.39947180307982577 0.9059462550028587
260025 0.3993965660891511 0.9059462550028587
261307 0.3993221403312198 0.9059462550028587
262589 0.39924851472916745 0.9059462550028587
263871 0.3991756784056961 0.9059462550028587
265153 0.3991036206785647 0.906232132647227
266435 0.3990323310562041 0.9065180102915952
267717 0.39896179923345054 0.9065180102915952
268999 0.39889201508740096 0.9065180102915952
270281 0.39882296867336403 0.9065180102915952
271563 0.3987546502209392 0.9065180102915952
272845 0.3986870501301924 0.9065180102915952
274127 0.39862015896792646 0.9065180102915952
275409 0.3985539674640636 0.9065180102915952
276691 0.39848846650811015 0.9065180102915952
277973 0.3984236471457256 0.9065180102915952
279255 0.39835950057537034 0.9065180102915952
280537 0.3982960181450544 0.9065180102915952
281819 0.3982331913491503 0.906232132647227
283101 0.3981710118253103 0.906232132647227
284383 0.39810947135144037 0.906232132647227
285665 0.39804856184277376 0.906232132647227
286947 0.397988275348997 0.906232132647227
288229 0.3979286040514665 0.906232132647227
289511 0.3978695402604851 0.906232132647227
290793 0.39781107641264657 0.906232132647227
292075 0.3977532050682527 0.906232132647227
293357 0.3976959189087878 0.906232132647227
294639 0.3976392107344541 0.906232132647227
295921 0.39758307346178307 0.9065180102915952
297203 0.3975275001212863 0.906232132647227
298485 0.3974724838551702 0.906232132647227
299767 0.3974180179151053 0.906232132647227
301049 0.39736409566006137 0.906232132647227
302331 0.3973107105541696 0.906232132647227
303613 0.3972578561646665 0.906232132647227
304895 0.3972055261598529 0.9059462550028587
306177 0.3971537143071355 0.9059462550028587
307459 0.3971024144710874 0.9056603773584906
308741 0.39705162061156996 0.9056603773584906
310023 0.3970013267818956 0.9056603773584906
311305 0.3969515271270218 0.9056603773584906
312587 0.3969022158818105 0.9056603773584906
313869 0.3968533873693016 0.9056603773584906
315151 0.39680503599904665 0.9056603773584906
316433 0.3967571562654673 0.9056603773584906
317715 0.3967097427462627 0.9056603773584906
318997 0.3966627901008374 0.9056603773584906
320279 0.3966162930687843 0.9056603773584906
321561 0.396570246468384 0.9056603773584906
322843 0.3965246451951503 0.9056603773584906
324125 0.39647948422040025 0.9056603773584906
325407 0.3964347585898581 0.9056603773584906
326689 0.3963904634223003 0.9059462550028587
327971 0.39634659390820387 0.9059462550028587
329253 0.39630314530846383 0.906232132647227
330535 0.39626011295309443 0.906232132647227
331817 0.396217492240001 0.906232132647227
333099 0.3961752786337462 0.906232132647227
334381 0.3961334676643534 0.906232132647227
335663 0.39609205492614813 0.9065180102915952
336945 0.39605103607660935 0.9065180102915952
338227 0.3960104068352448 0.9065180102915952
339509 0.3959701629825012 0.9065180102915952
340791 0.39593030035869164 0.9065180102915952
342073 0.3958908148629399 0.9065180102915952
343355 0.3958517024521623 0.9065180102915952
344637 0.3958129591400527 0.9065180102915952
345919 0.39577458099609825 0.9068038879359634
347201 0.39573656414462305 0.9068038879359634
348483 0.395698904763833 0.9068038879359634
349765 0.3956615990848969 0.9068038879359634
351047 0.39562464339103537 0.9065180102915952
352329 0.39558803401664416 0.9065180102915952
353611 0.3955517673464051 0.9065180102915952
354893 0.3955158398144575 0.9065180102915952
356175 0.3954802479035435 0.9065180102915952
357457 0.39544498814420503 0.9065180102915952
358739 0.39541005711397104 0.9065180102915952
