895 0.4199920922930447 0.9064
1989 0.40536281161796767 0.913
3083 0.40459847762251 0.9164
4177 0.40048528823046925 0.9183
5271 0.40305346918416907 0.9188000000000001
6365 0.40370189214480334 0.9196
7459 0.40432254860332645 0.92
8553 0.40504274296960724 0.9204
9647 0.4028767434578156 0.9206
10741 0.4080718090060911 0.9211
11835 0.4061419437879308 0.9211
12929 0.4110678378007164 0.9218999999999999
14023 0.40913629193843165 0.9221
15117 0.4167278056221796 0.9226
16211 0.4132659511087141 0.9225
17305 0.4186808654502297 0.9226
18399 0.41530632922541233 0.9228
19493 0.4175604814680316 0.9231
20587 0.4237186698952235 0.9234
21681 0.418083778745735 0.9228
22775 0.4217210343185584 0.923
23869 0.418392290057038 0.9231
24963 0.42289470827691183 0.9231
26057 0.42213779174987415 0.9231
27151 0.4221004548274522 0.9227
28245 0.4238859471805993 0.9223
29339 0.423421397132511 0.9233
30433 0.4237834907024943 0.923
31527 0.4256598774767478 0.923
32621 0.42618640265962787 0.9226
33715 0.4278834067223307 0.9225
34809 0.4296661222531207 0.9224
35903 0.43001754939712483 0.9227
36997 0.4304484077516311 0.9226
38091 0.4321298388584139 0.9227
39185 0.43534223215029577 0.9228
40279 0.4298124736129826 0.9232
41373 0.4323720638747179 0.9229
42467 0.4324306025570259 0.9227
43561 0.43405779680117784 0.9225
44655 0.4343874278204435 0.9222
45749 0.43541003268712986 0.9213
46843 0.43499136730687604 0.9218999999999999
47937 0.44031731125307716 0.9223
49031 0.437780385526223 0.9227
50125 0.4359243517733458 0.9221
51219 0.43667310394420544 0.9217
52313 0.43600731030365586 0.9217
53407 0.43659004273956614 0.9216
54501 0.43732076968479994 0.9218
55595 0.4360464734916098 0.9221
56689 0.4378238060749282 0.9223
57783 0.43604728274511617 0.9218
58877 0.43684569506733706 0.9221
59971 0.4382701255518873 0.9222
61065 0.4405117982333608 0.9223
62159 0.4402061765728915 0.9218
63253 0.4435676011618135 0.9217
64347 0.44366047022272653 0.922
65441 0.446361105933252 0.922
66535 0.44255347021491537 0.9221
67629 0.44393596383366646 0.9222
68723 0.4438684963740374 0.9218999999999999
69817 0.444151482966592 0.9218999999999999
70911 0.44446788575794716 0.9222
72005 0.44524492697111534 0.9221
73099 0.4458195018713657 0.9222
74193 0.44565746821204705 0.9216
75287 0.4458410573949603 0.9217
76381 0.44535741745599855 0.9217
77475 0.4465963686367867 0.9214
78569 0.44640802558911946 0.9214
79663 0.4475501061289939 0.9214
80757 0.44720552209979786 0.9214
81851 0.44817967004215936 0.9217
82945 0.44729656316275396 0.9213
84039 0.4485963807478723 0.9212
85133 0.44847358995229214 0.9211
86227 0.44884892130400983 0.9215
87321 0.4502370044184546 0.9213
88415 0.4502902730056371 0.9215
89509 0.4518283571938457 0.9211
90603 0.4524089164299623 0.921
91697 0.4510914362219588 0.9212
92791 0.44993012425450424 0.9218999999999999
93885 0.45087422169127306 0.921
94979 0.4547098353770809 0.9218
96073 0.4522921945287062 0.9214
97167 0.45133739279759527 0.9217
98261 0.45213929985161283 0.9211
99355 0.4523721014583214 0.9218999999999999
100449 0.45262429698807544 0.9212
101543 0.45274218155330465 0.9213
102637 0.453085239683599 0.9208
103731 0.45437326005510703 0.9216
104825 0.4540326818789422 0.9212
105919 0.4563629558020042 0.9222
107013 0.4566450984324898 0.9208
108107 0.455537304524753 0.9207
109201 0.45612556947707017 0.9207
110295 0.45660226434665163 0.9212
111389 0.4565388999099837 0.9214
112483 0.4564613969713604 0.9208
113577 0.45902067470822594 0.9211
114671 0.4579240401686517 0.9209
115765 0.4573257827452807 0.921
116859 0.458574006957893 0.9206
117953 0.458241134975878 0.921
119047 0.4584685397237691 0.9216
120141 0.45922325070193776 0.9215
121235 0.45938511391959347 0.9205
122329 0.45884804927816886 0.9203
123423 0.46078319304387505 0.9207
124517 0.4599532671006575 0.9205
125611 0.4604849916523901 0.9209
126705 0.460583726194456 0.9207
127799 0.4637240176594348 0.9206
128893 0.4621487953908115 0.9198999999999999
129987 0.46039741878872026 0.9205
131081 0.4619806413707882 0.9207
132175 0.4625621624475087 0.9201
133269 0.4622267887965855 0.9203
134363 0.46333062592266844 0.9208
135457 0.4623435637892722 0.9204
136551 0.4637226138861136 0.9205
137645 0.4634076205575939 0.9206
138739 0.4642772165613339 0.9201
139833 0.46399447986194453 0.9203
140927 0.4662538574458902 0.9208
142021 0.4657109424285135 0.92
143115 0.4709070831675879 0.9208
144209 0.4673347943347463 0.9193
145303 0.46516227094807744 0.9207
146397 0.46490665068248416 0.92
147491 0.46512351733226576 0.9202
148585 0.4652864756138455 0.9196
149679 0.4653644994955826 0.9202
150773 0.46943756517560187 0.92
151867 0.46811958675042586 0.9201
152961 0.4680160865121468 0.9194
154055 0.4683198856059882 0.92
155149 0.4666814215256303 0.9196
156243 0.4676333963044759 0.9195
157337 0.46766038684981803 0.9201
158431 0.4682991973265301 0.9202
159525 0.4681059045205893 0.9198
160619 0.46822696974116723 0.9197
161713 0.4706139402548714 0.92
162807 0.469695000437212 0.9189
163901 0.4699405671712884 0.9194
164995 0.4713926910320177 0.92
166089 0.47172970151208193 0.9196
167183 0.47102516872550815 0.9196
168277 0.4715505350385446 0.9198
169371 0.47033386120320203 0.9193
170465 0.47189414081346365 0.92
171559 0.4712494443229346 0.9194
172653 0.4720305425784013 0.9193
173747 0.4725202011361338 0.9189
174841 0.47559138154824077 0.9198
175935 0.4724828899058428 0.919
177029 0.4730623755007271 0.919
178123 0.47410445352213754 0.9193
179217 0.47420167526189577 0.9193
180311 0.47756468676825853 0.9197
181405 0.47559721256480797 0.9191
182499 0.4737443033014578 0.9189
183593 0.47398308186470567 0.9193
184687 0.47432926247971174 0.9195
185781 0.4747280038200538 0.9198
186875 0.475919528452681 0.9198999999999999
187969 0.47564777325246604 0.9191
189063 0.4751918982694644 0.9191
190157 0.4758801977221148 0.9196
191251 0.47864335061992214 0.9198999999999999
192345 0.47741128648356446 0.9191
193439 0.47734814445909196 0.9188000000000001
194533 0.47793900423485947 0.9186
195627 0.4788617482278952 0.9188000000000001
196721 0.4777159434060756 0.9189
197815 0.48316540099805133 0.9189
198909 0.47743799103488693 0.9198
200003 0.4808034710039407 0.9196
201097 0.4794012999700798 0.9195
202191 0.47885211273392736 0.919
203285 0.4793675332516031 0.9191
204379 0.478856299101495 0.9192
205473 0.47853406714926816 0.9194
206567 0.4787286827098781 0.9189
207661 0.4799261004849751 0.919
208755 0.4798699068543159 0.9186
209849 0.4797915055485386 0.9189
210943 0.48016050306806457 0.9186
212037 0.4802862384397987 0.9181
213131 0.48074006491069693 0.9178
214225 0.48232987013733136 0.919
215319 0.4832676775623219 0.9184
216413 0.48247109563258045 0.9185
217507 0.4857626765925257 0.9186
218601 0.48199161617884617 0.9185
219695 0.48299057303004345 0.9182
220789 0.48480314424515647 0.9187
221883 0.483859317546362 0.9185
222977 0.4844042523909389 0.9186
224071 0.4837042607359076 0.9186
225165 0.48609089617660184 0.9182
226259 0.4850256064057844 0.9191
227353 0.4842719369728364 0.9188000000000001
228447 0.48527175606372247 0.9186
229541 0.48490914892188114 0.919
230635 0.4842617458829477 0.9184
231729 0.48365426100287784 0.9189
232823 0.4836851074573656 0.9188000000000001
233917 0.48543881679230344 0.9191
235011 0.48513159694879787 0.9191
236105 0.4869336127250327 0.9194
237199 0.48913507198013323 0.9186
238293 0.4871803114352201 0.9189
239387 0.4847660994765816 0.9191
240481 0.4863377185216391 0.9184
241575 0.4872935639590704 0.9191
242669 0.48739136190024246 0.9193
243763 0.4881280761033927 0.9185
244857 0.4879401890455754 0.9189
245951 0.4875328734510056 0.9191
247045 0.48717571289526995 0.9192
248139 0.48853399405588205 0.9184
249233 0.48747891912405356 0.9191
250327 0.4895535565846572 0.9193
251421 0.4879779914511179 0.9184
252515 0.4879349959657074 0.9185
253609 0.4884667539534403 0.9184
254703 0.48866350655430607 0.9187
255797 0.4873878091118556 0.9188000000000001
256891 0.4904183125608472 0.9188000000000001
257985 0.48902844294971853 0.9188000000000001
259079 0.48834231362490127 0.9186
260173 0.4919042606427566 0.919
261267 0.4907267490336271 0.9181
262361 0.48892146969864453 0.9178999999999999
263455 0.4903833915302549 0.9189
264549 0.48829931766334267 0.9188000000000001
265643 0.4906921530233014 0.9182
266737 0.4918620411391802 0.9185
267831 0.49091197889429666 0.918
268925 0.4939315844707066 0.9174
270019 0.49063527695640957 0.9183
271113 0.49127499208929387 0.9178999999999999
272207 0.4908020553737785 0.9178
273301 0.491862498085684 0.9178999999999999
274395 0.4902977426729633 0.9177
275489 0.4912439895965822 0.918
276583 0.4924286021473886 0.9178
277677 0.49169486789032874 0.9178999999999999
278771 0.49084705438793336 0.9181
279865 0.4910522138429523 0.9177
280959 0.49341272330218505 0.9176
282053 0.4927780034003493 0.9183
283147 0.49214346575331336 0.9178
284241 0.4925676223507097 0.918
285335 0.49360628275181634 0.9178999999999999
286429 0.4935665631303431 0.9178999999999999
287523 0.49212406481199006 0.9182
288617 0.49259312092357876 0.9173
289711 0.49201073939173984 0.9181
290805 0.49345730585856645 0.918
291899 0.49269839606594606 0.9178999999999999
292993 0.4941436359721952 0.9178
294087 0.49590837982369856 0.9178
295181 0.4942055827341071 0.9174
296275 0.4923060113710669 0.9174
297369 0.49409549834388133 0.9178
298463 0.494358908630511 0.9182
299557 0.4940686088351425 0.9175
300651 0.49415638808259016 0.9173
301745 0.49677130405443104 0.9175
302839 0.49716480163569304 0.9172
303933 0.49690989048741485 0.9184
305027 0.5003204817330462 0.9176
306121 0.5006586273996371 0.9175
307215 0.49751208333313696 0.9173
308309 0.49606792093385277 0.9172
309403 0.496632281251402 0.9176
310497 0.496284653173494 0.9174
311591 0.49610295849779057 0.9175
312685 0.4973627549780018 0.9176
313779 0.4974059314341109 0.9181
314873 0.49806446297614065 0.9176
315967 0.5008674035276518 0.9174
317061 0.5009445156405642 0.9173
318155 0.4984748127220245 0.9173
319249 0.4986436093521568 0.9175
320343 0.4980448460810921 0.9171
321437 0.49830856988103367 0.9168000000000001
322531 0.4974315832471382 0.9175
323625 0.4989167710341395 0.9173
324719 0.4984761341484401 0.917
325813 0.49931111183221394 0.9175
326907 0.5001263719308358 0.9177
328001 0.5040131173947904 0.9172
329095 0.5020482691991791 0.9169
330189 0.501228774299153 0.9175
331283 0.5009631467935739 0.917
332377 0.50016849688717 0.917
333471 0.5007837172336587 0.9176
334565 0.5002894034652653 0.9176
335659 0.5018723230343478 0.9175
336753 0.5015409908897042 0.9169
337847 0.5021520862822376 0.9174
338941 0.5020973747655818 0.9169
340035 0.5028783412139709 0.9172
341129 0.5022567476347221 0.9169
342223 0.503031972424267 0.9169
343317 0.5022796614736068 0.918
344411 0.5026971001261891 0.917
345505 0.5029989716086012 0.9171
346599 0.5032991309074479 0.9176
347693 0.5045963830293134 0.9173
348787 0.5044779242335197 0.9167
349881 0.5060164757133818 0.9169
350975 0.5043563600422205 0.9166
352069 0.5050204427026174 0.9166
353163 0.5031480221109402 0.9167
354257 0.5040419675671263 0.9168000000000001
355351 0.5035362834145708 0.9172
356445 0.5039906569078769 0.9163
357539 0.5036254452103721 0.9169
358633 0.5050630891462847 0.9171
359727 0.5053929509402617 0.9167
