11163 0.45408303964594376 0.882
22785 0.3754313081097583 0.8964
34407 0.349327632164751 0.9028
46029 0.3365538901548337 0.9063
57651 0.32914450809857926 0.9071
69273 0.32441001785053997 0.9086
80895 0.3211932744498539 0.9101
92517 0.3189197839901121 0.9105
104139 0.3172699090788543 0.9108
115761 0.31605274968284663 0.9111
127383 0.31514743515191374 0.9125
139005 0.3144739271103952 0.9128000000000001
150627 0.3139771481224378 0.9129
162249 0.3136176876588937 0.9129
173871 0.3133664726832958 0.9131
185493 0.31320156884715916 0.9141
197115 0.31310614699294026 0.9147
208737 0.3130671532711418 0.9147
220359 0.3130743928155684 0.9145
231981 0.31311985756401123 0.9141
243603 0.3131972181950554 0.9139
255225 0.3133014402485554 0.9143
266847 0.31342848730487316 0.9145
278469 0.313575085953551 0.9144
290091 0.31373854387831895 0.9148000000000001
301713 0.3139166154069962 0.9151
313335 0.3141074051333552 0.9155
324957 0.3143092990506735 0.9158
336579 0.3145209142956397 0.9157
348201 0.314741060959555 0.9158
359823 0.3149687116162572 0.9158
371445 0.3152029760057697 0.9158
383067 0.31543545243812743 0.9161
394689 0.31564936526664333 0.9159
406311 0.3158681797877037 0.916
417933 0.3160913705962296 0.9162
429555 0.31631846993628593 0.9164
441177 0.31654905880297957 0.9166
452799 0.3167827596876117 0.9167
464421 0.3170192306921366 0.9168000000000001
476043 0.3172581607692482 0.9171
487665 0.31749926587620564 0.9172
499287 0.317742285861413 0.917
510909 0.3179869819308801 0.9173
522531 0.31823313456874286 0.9175
534153 0.3184805418077657 0.9174
545775 0.3187290177671565 0.9172
557397 0.31895658387393166 0.9174
569019 0.31918430037781587 0.9177
580641 0.3194129309289106 0.9176
592263 0.3196423329970854 0.9174
603885 0.3198723755574346 0.9176
615507 0.3201029382864601 0.9175
627129 0.32033391080659374 0.9177
638751 0.32056519197426936 0.9174
650373 0.3207966892083812 0.9173
661995 0.32102831785789826 0.9173
673617 0.3212504913510224 0.9174
685239 0.3214707627863812 0.9173
696861 0.32169107935398156 0.9173
708483 0.32191137747881615 0.9173
720105 0.32213159889480547 0.9172
731727 0.3223516902214487 0.9171
743349 0.3225716025725067 0.917
754971 0.32279129119471967 0.9168000000000001
766593 0.32301071513410623 0.9169
778215 0.32322983692732726 0.9169
789837 0.32344862231551524 0.9166
801459 0.3236670399779308 0.9164
813081 0.3238850612828142 0.9164
824703 0.324102660052593 0.9163
836325 0.3243198123408069 0.916
847947 0.3245364962179195 0.916
859569 0.32475269156327863 0.9159
871191 0.3249683798605532 0.9158
882813 0.3251835439943874 0.9159
894435 0.32539816804588684 0.9161
906057 0.3256122370856951 0.916
917679 0.32582573696408806 0.9161
929301 0.32603303673706513 0.9163
940923 0.32623720266406026 0.9164
952545 0.32644080933466396 0.9163
964167 0.3266438432211116 0.9164
975789 0.326846290649445 0.9163
987411 0.3270481376882084 0.9162
999033 0.3272493701008595 0.9162
1010655 0.32744997337872844 0.916
1022277 0.32764993286528 0.9158
1033899 0.3278492339719782 0.9158
1045521 0.3280478624711411 0.9158
1057143 0.32824580483546917 0.9158
1068765 0.3284430485820158 0.9158
