7269 0.5232123716796889 0.8728
14997 0.414966459281681 0.892
22725 0.37695492340701164 0.8971
30453 0.35764488884294476 0.9012
38181 0.3460759357088133 0.9045
45909 0.33844849707560937 0.9046
53637 0.33309498899157663 0.9072
61365 0.3291707830343894 0.908
69093 0.326201386242888 0.9083
76821 0.3238994999837526 0.9087
84549 0.3220810326009397 0.9091
92277 0.3206229410398517 0.9097999999999999
100005 0.31944021886551893 0.9101
107733 0.31847249816072465 0.9105
115461 0.317675810726831 0.9108
123189 0.3170173604365358 0.9109
130917 0.3164721887777795 0.9116
138645 0.3160209643202827 0.9123
146373 0.3156484504464324 0.9129
154101 0.3153424344975385 0.9132
161829 0.31509298636778316 0.9134
169557 0.3148919428238676 0.9136
177285 0.3147325373499032 0.9135
185013 0.3146091255798484 0.9138
192741 0.314516977304774 0.9144
200469 0.31445211421764246 0.9143
208197 0.3144111786010891 0.9135
215925 0.31439132497015115 0.9139
223653 0.3143901308151577 0.9137
231381 0.314405523689168 0.9136
239109 0.3144357219380058 0.9138
246837 0.3144791865191818 0.9136
254565 0.3145345817069002 0.914
262293 0.314600742890511 0.9141
270021 0.3146766500509445 0.9144
277749 0.3147614058119184 0.9144
285477 0.3148542172075829 0.9145
293205 0.31495438049488644 0.9151
300933 0.3150612684793504 0.9151
308661 0.3151743199272038 0.9155
316389 0.3152930307131429 0.9156
324117 0.315416946413719 0.9152
331845 0.3155456560978962 0.9155
339573 0.31567878710495195 0.9154
347301 0.31581600063003934 0.9157
355029 0.3159569879650933 0.9157
362757 0.31609448440832366 0.9158
370485 0.3162192934487065 0.9157
378213 0.31634731670881144 0.9162
385941 0.31647833592054037 0.9165
393669 0.31661215014013155 0.9165
401397 0.3167485739828595 0.9164
409125 0.31688743602952024 0.9165
416853 0.3170285773881515 0.9167
424581 0.31717185039956725 0.9167
432309 0.31731711747804114 0.9167
440037 0.3174642500797791 0.9168000000000001
447765 0.3176131277915748 0.9166
455493 0.31776363753177184 0.9168000000000001
463221 0.3179156728544044 0.9169
470949 0.3180691333467094 0.9168000000000001
478677 0.3182239241098086 0.9168000000000001
486405 0.3183799553119076 0.9166
494133 0.3185371418044026 0.9165
501861 0.3186954027908123 0.9167
509589 0.3188546615400598 0.9168000000000001
517317 0.3190148451363755 0.9168000000000001
525045 0.31917588425913895 0.9167
532773 0.31933771298708497 0.9165
540501 0.31950026862222214 0.9165
548229 0.31966349152976614 0.9167
555957 0.3198273249910754 0.9166
563685 0.319985451911045 0.9164
571413 0.32013589712621604 0.9166
579141 0.32028693465124747 0.9165
586869 0.3204385155112363 0.9165
594597 0.3205905931265255 0.9166
602325 0.32074312320766996 0.9167
610053 0.320896063655064 0.9166
617781 0.3210493744628494 0.9166
625509 0.32120301762679326 0.9164
633237 0.3213569570559049 0.9163
640965 0.3215111584875784 0.9164
648693 0.32166558940604767 0.9163
656421 0.3218202189640808 0.9162
664149 0.32197474347810473 0.9164
671877 0.3221222968129945 0.9166
679605 0.32227002753985856 0.9168000000000001
687333 0.32241790906318374 0.9168000000000001
695061 0.32256591610674407 0.9169
702789 0.32271402465048354 0.9169
710517 0.32286221186998926 0.9169
718245 0.32301045607847595 0.9167
725973 0.32315873667129935 0.9167
733701 0.32330703407299954 0.9166
741429 0.3234553296868096 0.9166
749157 0.3236036058465465 0.9162
756885 0.32375184577115307 0.9162
764613 0.3239000335214641 0.9163
772341 0.3240481539593416 0.9162
780069 0.3241961927090727 0.9162
787797 0.3243441361209046 0.9164
795525 0.32449197123664797 0.9163
803253 0.32463968575716806 0.9164
810981 0.3247872680116978 0.9164
818709 0.32493470692880133 0.9165
826437 0.3250819920088337 0.9163
834165 0.3252291132978124 0.9164
841893 0.32537606136247416 0.9161
849621 0.3255228272665171 0.9161
857349 0.32566940254783405 0.9162
865077 0.32581555069561 0.9162
872805 0.3259558873358409 0.9163
880533 0.32609603059989506 0.9163
888261 0.3262359737253056 0.9163
895989 0.3263757103260026 0.9162
903717 0.3265152343726426 0.9163
911445 0.3266545401732845 0.9163
919173 0.326793622354365 0.9165
926901 0.32693247584188123 0.9165
934629 0.3270710958426758 0.9164
942357 0.3272094778257619 0.9164
950085 0.3273476175036676 0.9163
957813 0.32748551081369703 0.9163
965541 0.327623153899042 0.9163
973269 0.3277605430897547 0.9162
980997 0.32789767488356614 0.9162
988725 0.3280345459265558 0.9162
996453 0.3281711529936415 0.9163
1004181 0.32830749296920464 0.9163
1011909 0.3284435628277331 0.9163
1019637 0.3285793596147899 0.9162
1027365 0.32871488042851427 0.9162
1035093 0.3288501224019819 0.9162
1042821 0.32898508268670884 0.9163
1050549 0.3291197584378089 0.9163
1058277 0.3292541468010683 0.9163
1066005 0.32938824490260665 0.9163
1073733 0.3295220498414557 0.9164
