11163 0.3252150918481024 0.9056
22785 0.3139506672729937 0.9128000000000001
34407 0.3109532165317243 0.9154
46029 0.3100654756099986 0.9167
57651 0.31016733322040935 0.9169
69273 0.310677557042907 0.9178999999999999
80895 0.31143268937631763 0.9181
92517 0.31230953303532116 0.9186
104139 0.3132187053623955 0.919
115761 0.3141770435819418 0.9191
127383 0.315165532330556 0.9196
139005 0.316158955899967 0.9192
150627 0.31715975776674166 0.9192
162249 0.31814456057732365 0.9195
173871 0.31907937297642247 0.9195
185493 0.3199372034149445 0.9198
197115 0.3207370488032681 0.9197
208737 0.3215278480885161 0.9195
220359 0.32232660695557863 0.9198999999999999
231981 0.3230968039574655 0.9202
243603 0.32383050897241616 0.92
255225 0.3245272302234173 0.9201
266847 0.3252124968322733 0.9204
278469 0.32584933351139317 0.9202
290091 0.32645347195068714 0.9201
301713 0.3270546297884389 0.9201
313335 0.32764627684178443 0.9202
324957 0.3282291694518289 0.9202
336579 0.32880244684973065 0.9206
348201 0.3293471941099342 0.9205
359823 0.32987403022549966 0.9207
371445 0.3303696764578197 0.921
383067 0.33086001121228775 0.921
394689 0.3313465766500546 0.9211
406311 0.33183209374694533 0.9212
417933 0.3323117563813047 0.9212
429555 0.3327727545610196 0.9211
441177 0.333248297879427 0.921
452799 0.3337123359474787 0.921
464421 0.33414651905639886 0.921
476043 0.3345764796174523 0.9211
487665 0.3350012400665385 0.9211
499287 0.33542168914688086 0.921
510909 0.3358390735295847 0.9211
522531 0.33625155262599105 0.9213
534153 0.3366563579754482 0.9212
545775 0.33703663529358735 0.9213
557397 0.3374033774010701 0.9215
569019 0.33776713212630033 0.9215
580641 0.33813549026216855 0.9215
592263 0.33848868482552424 0.9215
603885 0.33883127678756314 0.9214
615507 0.3391699677427524 0.9214
627129 0.3395011168582574 0.921
638751 0.33983011032350513 0.9209
650373 0.340156248651241 0.9209
661995 0.3404756987307637 0.9207
673617 0.34079724283128937 0.9206
685239 0.3411210997962874 0.9206
696861 0.3414459946412858 0.9206
708483 0.34177122692895484 0.9207
720105 0.3420963859180848 0.9207
731727 0.3424212032817935 0.9206
743349 0.3427454864160155 0.9207
754971 0.34306908680530296 0.9207
766593 0.34339188360810713 0.9207
778215 0.34371377370478606 0.9205
789837 0.3440346652156539 0.9206
801459 0.34435447345648307 0.9207
813081 0.3446731182399606 0.9206
824703 0.3449905215042402 0.9205
836325 0.3453066052380846 0.9205
847947 0.3456212907492323 0.9207
859569 0.34593450036126583 0.9206
871191 0.3462461618118887 0.9205
882813 0.3465562154388416 0.9205
894435 0.34686462220708825 0.9204
906057 0.34717136552456235 0.9205
917679 0.3474764542694788 0.9204
929301 0.3477799546832707 0.9204
940923 0.3480820090261063 0.9203
952545 0.34838981662484897 0.9202
964167 0.348688705535326 0.9202
975789 0.34894319133473084 0.9202
987411 0.3492570877887894 0.9201
999033 0.3495578473156515 0.9201
1010655 0.34985043068190547 0.9198999999999999
1022277 0.35010361602398443 0.92
1033899 0.3504023005492344 0.92
1045521 0.35068558205544853 0.9203
1057143 0.35096208263970885 0.9201
1068765 0.35119349006186573 0.92
