1 2 1
1 3 1
1 4 1
1 6 1
1 9 1
1 14 1
1 258 1
1 117 1
1 323 1
1 701 1
2 8 1
2 71 1
2 107 1
2 113 1
2 124 1
2 418 1
2 310 1
2 624 1
3 5 1
3 84 1
3 87 1
3 121 1
3 134 1
3 152 1
3 176 1
3 470 1
3 740 1
3 744 1
3 249 1
3 111 1
3 155 1
3 307 1
4 7 1
4 12 1
4 15 1
4 102 1
4 291 1
4 103 1
6 10 1
6 19 1
6 24 1
6 26 1
6 96 1
6 442 1
6 555 1
6 422 1
6 133 1
6 766 1
6 143 1
6 601 1
6 528 1
7 16 1
7 25 1
7 40 1
7 130 1
7 753 1
7 53 1
8 11 1
8 22 1
8 52 1
8 136 1
8 155 1
8 169 1
8 277 1
8 413 1
8 545 1
8 517 1
9 36 1
9 118 1
9 586 1
9 656 1
9 393 1
9 810 1
9 900 1
10 23 1
10 372 1
10 545 1
10 926 1
10 907 1
11 13 1
11 35 1
11 37 1
11 54 1
11 69 1
11 135 1
11 330 1
11 497 1
11 932 1
11 736 1
12 38 1
12 45 1
12 606 1
12 621 1
12 403 1
13 18 1
13 194 1
13 229 1
13 563 1
13 626 1
13 780 1
14 17 1
14 56 1
14 64 1
14 78 1
14 171 1
14 524 1
14 88 1
14 328 1
15 187 1
15 294 1
15 484 1
15 455 1
15 237 1
15 359 1
15 705 1
16 65 1
16 72 1
16 188 1
16 863 1
16 416 1
16 664 1
17 20 1
17 21 1
17 28 1
17 47 1
17 408 1
17 628 1
17 448 1
18 55 1
18 145 1
18 275 1
18 504 1
18 852 1
18 922 1
18 956 1
18 298 1
18 406 1
19 127 1
20 304 1
20 526 1
20 766 1
20 501 1
20 84 1
21 39 1
21 122 1
21 184 1
21 217 1
21 978 1
21 730 1
21 847 1
22 280 1
22 357 1
22 516 1
22 983 1
22 975 1
23 221 1
23 660 1
24 27 1
24 311 1
25 31 1
25 61 1
25 110 1
25 458 1
25 633 1
25 356 1
25 364 1
25 169 1
25 632 1
26 29 1
26 68 1
26 97 1
26 123 1
26 390 1
26 346 1
26 706 1
27 30 1
27 99 1
27 216 1
27 790 1
27 47 1
28 33 1
28 41 1
28 46 1
28 70 1
28 126 1
28 175 1
28 635 1
29 32 1
29 42 1
29 44 1
29 263 1
29 893 1
30 186 1
30 299 1
30 326 1
30 431 1
30 607 1
30 695 1
31 34 1
31 62 1
31 66 1
31 132 1
31 688 1
31 166 1
31 404 1
32 771 1
32 780 1
32 970 1
32 553 1
32 749 1
33 185 1
33 532 1
33 88 1
33 154 1
33 295 1
34 49 1
34 53 1
34 59 1
34 267 1
34 387 1
34 80 1
34 984 1
34 868 1
34 851 1
35 48 1
35 67 1
35 158 1
35 160 1
36 79 1
36 297 1
36 447 1
37 43 1
37 268 1
38 199 1
38 235 1
38 417 1
38 502 1
38 761 1
38 111 1
39 183 1
39 398 1
39 622 1
39 228 1
40 140 1
40 338 1
40 489 1
40 544 1
40 923 1
40 368 1
40 223 1
41 82 1
41 95 1
41 215 1
41 450 1
41 478 1
41 918 1
41 306 1
42 198 1
42 333 1
42 435 1
42 992 1
42 285 1
42 865 1
42 973 1
43 60 1
43 214 1
43 364 1
43 664 1
43 646 1
43 149 1
44 119 1
44 315 1
44 595 1
44 199 1
45 63 1
45 91 1
45 103 1
45 191 1
45 288 1
45 699 1
45 859 1
45 126 1
45 501 1
46 51 1
46 83 1
47 104 1
47 112 1
47 789 1
47 839 1
47 869 1
47 556 1
47 301 1
48 50 1
48 57 1
48 88 1
48 106 1
48 137 1
48 58 1
48 284 1
48 827 1
49 139 1
49 182 1
49 613 1
49 655 1
49 846 1
49 339 1
50 58 1
50 150 1
50 271 1
50 512 1
50 883 1
50 717 1
50 605 1
51 381 1
51 572 1
51 741 1
51 701 1
52 246 1
52 507 1
52 624 1
52 707 1
53 114 1
53 181 1
54 251 1
54 469 1
54 889 1
54 131 1
55 109 1
55 192 1
55 247 1
55 365 1
55 441 1
55 460 1
55 825 1
56 73 1
56 473 1
56 252 1
56 556 1
56 666 1
57 77 1
57 85 1
57 153 1
57 317 1
57 831 1
57 440 1
58 162 1
58 163 1
58 354 1
58 674 1
59 149 1
59 195 1
59 209 1
59 498 1
59 483 1
60 142 1
60 405 1
61 93 1
61 227 1
61 238 1
61 434 1
61 475 1
61 649 1
61 314 1
61 484 1
61 620 1
61 581 1
62 120 1
62 240 1
62 277 1
62 355 1
62 344 1
62 299 1
62 525 1
63 75 1
63 76 1
63 116 1
63 259 1
63 523 1
64 801 1
64 933 1
64 772 1
64 197 1
64 558 1
65 370 1
65 573 1
65 835 1
66 89 1
66 530 1
66 230 1
66 192 1
67 81 1
67 108 1
67 207 1
67 151 1
68 100 1
68 622 1
68 259 1
68 949 1
68 656 1
69 202 1
69 375 1
69 853 1
69 923 1
69 774 1
69 331 1
69 981 1
70 248 1
70 514 1
70 968 1
71 101 1
71 128 1
71 143 1
71 421 1
71 688 1
71 439 1
72 80 1
72 131 1
72 743 1
72 914 1
73 74 1
73 861 1
73 115 1
73 834 1
73 337 1
74 90 1
74 661 1
74 204 1
74 366 1
75 261 1
75 425 1
75 685 1
75 227 1
75 904 1
75 775 1
76 772 1
76 86 1
76 683 1
77 92 1
77 916 1
78 694 1
78 469 1
78 688 1
79 148 1
79 799 1
79 869 1
80 222 1
80 283 1
80 368 1
80 666 1
80 246 1
81 565 1
81 803 1
82 86 1
82 98 1
82 151 1
82 342 1
82 684 1
82 123 1
82 535 1
82 348 1
83 278 1
83 599 1
83 730 1
83 547 1
83 771 1
84 167 1
84 292 1
84 697 1
84 723 1
84 984 1
84 768 1
84 651 1
85 94 1
85 444 1
85 496 1
85 240 1
85 748 1
86 105 1
86 636 1
87 344 1
87 494 1
87 770 1
87 774 1
87 778 1
87 471 1
87 355 1
89 465 1
89 427 1
89 245 1
90 323 1
91 111 1
91 125 1
91 141 1
91 404 1
91 641 1
91 489 1
92 154 1
92 220 1
92 894 1
92 804 1
92 954 1
93 332 1
93 967 1
93 852 1
93 144 1
94 256 1
94 350 1
94 394 1
94 525 1
94 422 1
94 585 1
94 517 1
94 879 1
95 236 1
95 386 1
96 115 1
96 138 1
96 147 1
96 463 1
96 854 1
96 464 1
97 257 1
98 588 1
99 144 1
99 579 1
99 501 1
99 264 1
99 500 1
100 746 1
100 191 1
100 363 1
101 200 1
101 363 1
101 106 1
101 196 1
102 236 1
103 133 1
103 652 1
104 117 1
104 351 1
105 913 1
105 780 1
105 519 1
106 157 1
106 210 1
106 499 1
106 858 1
107 164 1
107 343 1
107 746 1
108 255 1
108 266 1
108 805 1
108 964 1
108 893 1
109 462 1
109 277 1
110 505 1
110 575 1
110 659 1
110 522 1
111 649 1
111 596 1
113 647 1
113 300 1
113 778 1
114 174 1
114 180 1
114 488 1
114 985 1
114 852 1
114 184 1
115 260 1
115 886 1
115 152 1
115 647 1
115 584 1
116 503 1
116 135 1
116 804 1
117 360 1
117 614 1
117 908 1
117 517 1
117 996 1
119 161 1
119 172 1
119 946 1
119 540 1
119 348 1
119 706 1
119 869 1
120 282 1
120 300 1
120 658 1
120 577 1
120 979 1
120 763 1
121 223 1
121 911 1
121 854 1
121 935 1
122 219 1
122 579 1
122 394 1
122 514 1
123 205 1
123 245 1
123 486 1
123 882 1
124 253 1
124 646 1
124 763 1
124 994 1
125 242 1
125 305 1
125 429 1
125 316 1
125 866 1
125 940 1
126 233 1
126 864 1
126 744 1
127 168 1
127 316 1
127 627 1
127 736 1
128 129 1
128 156 1
128 211 1
128 515 1
128 972 1
129 179 1
129 291 1
130 252 1
130 963 1
131 170 1
131 231 1
131 160 1
132 577 1
132 854 1
132 704 1
132 834 1
132 347 1
133 358 1
133 394 1
133 303 1
133 807 1
134 159 1
135 373 1
135 632 1
135 736 1
136 783 1
136 822 1
136 171 1
137 571 1
138 196 1
138 206 1
138 996 1
138 782 1
139 340 1
140 178 1
140 276 1
140 307 1
140 991 1
140 736 1
141 225 1
141 284 1
141 309 1
142 212 1
142 399 1
142 827 1
143 146 1
143 331 1
144 320 1
145 402 1
145 432 1
145 633 1
145 328 1
146 166 1
146 359 1
147 610 1
147 412 1
147 584 1
147 781 1
148 244 1
148 957 1
148 465 1
148 301 1
148 568 1
149 197 1
149 705 1
149 950 1
150 213 1
150 270 1
150 605 1
151 302 1
151 676 1
151 611 1
151 642 1
152 373 1
152 878 1
152 947 1
153 165 1
153 226 1
153 258 1
153 351 1
153 782 1
154 274 1
154 640 1
154 851 1
154 741 1
154 270 1
155 218 1
155 371 1
155 838 1
155 965 1
155 433 1
155 162 1
155 350 1
156 356 1
156 440 1
156 900 1
156 876 1
157 173 1
157 177 1
157 386 1
157 663 1
157 988 1
157 671 1
157 268 1
158 347 1
158 519 1
158 630 1
158 967 1
158 681 1
158 216 1
159 204 1
159 224 1
159 353 1
159 629 1
159 927 1
160 503 1
160 696 1
160 663 1
160 460 1
160 782 1
161 389 1
161 464 1
161 939 1
162 966 1
163 265 1
163 529 1
163 722 1
164 197 1
164 686 1
164 684 1
164 371 1
164 300 1
164 212 1
164 796 1
165 296 1
165 313 1
165 324 1
165 645 1
165 696 1
166 391 1
166 482 1
166 689 1
167 189 1
167 228 1
167 241 1
167 328 1
167 590 1
167 846 1
167 977 1
167 593 1
167 388 1
168 536 1
168 989 1
168 286 1
169 301 1
169 732 1
169 541 1
169 779 1
169 761 1
170 596 1
170 756 1
170 232 1
170 826 1
171 208 1
171 605 1
171 500 1
172 319 1
172 377 1
172 517 1
172 193 1
173 201 1
173 918 1
174 477 1
174 768 1
174 770 1
174 710 1
176 933 1
176 469 1
176 256 1
177 535 1
177 794 1
177 829 1
178 439 1
178 496 1
178 959 1
178 743 1
179 472 1
179 724 1
179 907 1
180 339 1
180 806 1
180 532 1
181 193 1
181 997 1
181 875 1
182 232 1
182 286 1
182 795 1
182 365 1
183 190 1
183 708 1
183 557 1
183 745 1
184 549 1
184 416 1
185 801 1
185 285 1
185 355 1
186 518 1
187 239 1
187 243 1
187 508 1
188 929 1
188 987 1
188 739 1
189 203 1
190 830 1
190 832 1
191 300 1
191 950 1
191 515 1
191 756 1
192 339 1
192 853 1
193 269 1
193 719 1
193 617 1
194 924 1
194 402 1
195 264 1
195 871 1
196 208 1
196 524 1
196 232 1
197 293 1
198 412 1
198 814 1
198 817 1
198 921 1
199 289 1
199 602 1
199 998 1
200 287 1
200 293 1
200 331 1
200 742 1
200 499 1
201 759 1
201 606 1
202 303 1
202 491 1
202 682 1
203 279 1
203 398 1
203 525 1
203 773 1
204 410 1
204 522 1
205 250 1
205 322 1
205 641 1
206 880 1
207 366 1
207 436 1
207 764 1
207 441 1
207 400 1
208 230 1
208 348 1
208 625 1
208 647 1
208 729 1
208 686 1
208 675 1
208 733 1
209 265 1
210 466 1
210 752 1
210 873 1
210 908 1
210 239 1
211 500 1
211 494 1
211 539 1
212 711 1
212 688 1
212 850 1
213 528 1
213 558 1
213 733 1
214 552 1
214 623 1
214 426 1
214 896 1
215 567 1
215 776 1
215 503 1
215 552 1
216 393 1
216 416 1
216 452 1
216 490 1
216 513 1
216 939 1
216 234 1
216 772 1
217 492 1
217 988 1
217 669 1
218 468 1
218 607 1
218 838 1
218 547 1
219 423 1
219 649 1
219 489 1
220 237 1
220 335 1
220 976 1
220 340 1
221 249 1
221 285 1
221 443 1
221 676 1
221 765 1
222 886 1
222 840 1
223 610 1
223 808 1
223 747 1
224 341 1
224 335 1
225 569 1
225 978 1
226 268 1
226 290 1
226 669 1
226 930 1
226 591 1
226 781 1
227 760 1
229 604 1
229 751 1
230 367 1
230 376 1
230 400 1
230 455 1
230 852 1
231 345 1
231 801 1
232 476 1
232 841 1
232 989 1
232 307 1
232 253 1
232 865 1
233 234 1
233 573 1
233 860 1
234 989 1
234 305 1
234 788 1
235 662 1
235 637 1
235 681 1
236 597 1
236 544 1
236 293 1
236 821 1
236 678 1
237 397 1
237 550 1
237 559 1
238 672 1
238 804 1
238 365 1
239 958 1
239 983 1
240 763 1
241 964 1
241 983 1
241 467 1
242 954 1
242 536 1
243 384 1
243 607 1
243 934 1
243 645 1
244 254 1
244 396 1
244 618 1
244 739 1
244 892 1
244 615 1
244 405 1
246 399 1
247 272 1
247 554 1
248 273 1
248 732 1
249 383 1
249 395 1
249 868 1
249 767 1
250 583 1
250 574 1
250 313 1
251 446 1
251 506 1
251 858 1
251 485 1
252 327 1
252 483 1
252 612 1
252 757 1
252 908 1
252 979 1
252 521 1
254 994 1
254 559 1
254 280 1
255 298 1
255 467 1
255 686 1
255 273 1
255 683 1
256 414 1
256 298 1
257 318 1
257 437 1
257 561 1
257 675 1
257 622 1
257 802 1
258 674 1
258 270 1
258 365 1
259 691 1
259 322 1
260 262 1
260 487 1
260 617 1
260 340 1
260 359 1
261 378 1
261 277 1
261 692 1
262 382 1
263 281 1
263 602 1
263 419 1
264 969 1
265 427 1
265 448 1
266 276 1
266 911 1
266 727 1
267 509 1
267 881 1
267 676 1
267 461 1
267 634 1
267 710 1
268 358 1
269 961 1
269 383 1
269 906 1
269 994 1
269 544 1
270 320 1
271 392 1
271 428 1
271 739 1
272 441 1
272 657 1
273 352 1
273 413 1
273 796 1
274 554 1
274 287 1
275 308 1
275 605 1
275 686 1
276 321 1
277 654 1
278 420 1
278 638 1
279 346 1
279 419 1
279 684 1
280 295 1
280 584 1
280 608 1
281 369 1
281 558 1
282 562 1
282 911 1
282 777 1
283 539 1
283 568 1
283 800 1
283 385 1
284 979 1
285 306 1
285 538 1
286 457 1
286 521 1
286 788 1
286 376 1
286 691 1
286 326 1
287 709 1
288 587 1
288 865 1
288 851 1
289 617 1
289 295 1
290 893 1
290 307 1
291 986 1
291 680 1
291 311 1
291 664 1
292 482 1
292 760 1
292 815 1
292 486 1
293 314 1
293 329 1
293 920 1
293 750 1
293 294 1
294 380 1
294 355 1
294 602 1
294 685 1
294 689 1
295 672 1
295 774 1
295 966 1
296 928 1
297 336 1
297 313 1
297 597 1
300 312 1
300 499 1
301 310 1
301 727 1
301 948 1
302 995 1
303 337 1
303 479 1
304 713 1
304 461 1
305 349 1
305 811 1
305 421 1
305 889 1
306 395 1
307 321 1
307 374 1
307 533 1
308 914 1
308 354 1
310 565 1
310 535 1
310 593 1
310 873 1
310 943 1
312 841 1
312 971 1
312 844 1
312 954 1
313 325 1
313 758 1
313 700 1
314 649 1
314 423 1
315 487 1
315 695 1
315 713 1
315 912 1
315 335 1
316 591 1
316 611 1
316 792 1
316 834 1
316 961 1
316 559 1
317 628 1
317 950 1
317 627 1
317 793 1
318 451 1
318 687 1
318 431 1
319 471 1
319 738 1
319 958 1
319 854 1
319 810 1
320 405 1
320 409 1
320 511 1
320 743 1
320 619 1
320 322 1
321 795 1
322 975 1
322 876 1
322 992 1
323 403 1
323 712 1
324 362 1
325 385 1
325 361 1
325 521 1
325 591 1
326 495 1
326 534 1
326 997 1
326 548 1
326 737 1
326 612 1
327 334 1
327 578 1
327 453 1
327 398 1
327 599 1
328 773 1
328 945 1
328 656 1
328 544 1
328 431 1
330 650 1
330 970 1
331 768 1
332 456 1
332 735 1
332 600 1
333 379 1
333 681 1
333 443 1
333 404 1
334 671 1
334 990 1
334 800 1
334 824 1
335 644 1
337 939 1
338 426 1
338 663 1
338 347 1
339 546 1
339 871 1
341 547 1
341 963 1
341 797 1
342 361 1
342 692 1
342 444 1
343 831 1
343 780 1
344 887 1
344 629 1
345 780 1
346 523 1
346 657 1
346 579 1
346 907 1
346 701 1
347 574 1
348 984 1
348 748 1
348 948 1
348 758 1
348 463 1
349 637 1
349 638 1
349 847 1
349 402 1
349 470 1
350 733 1
351 415 1
351 433 1
351 447 1
352 485 1
352 439 1
353 388 1
353 835 1
353 696 1
353 850 1
354 407 1
354 454 1
354 553 1
354 899 1
355 748 1
355 466 1
355 798 1
357 568 1
357 798 1
357 906 1
357 375 1
358 449 1
358 634 1
359 651 1
360 856 1
360 702 1
360 543 1
361 769 1
362 403 1
362 461 1
362 433 1
364 871 1
364 990 1
365 529 1
365 382 1
366 934 1
367 825 1
368 459 1
368 525 1
368 530 1
369 541 1
369 390 1
369 877 1
370 426 1
370 660 1
371 744 1
371 447 1
372 796 1
372 951 1
373 474 1
373 868 1
374 901 1
374 510 1
374 692 1
375 707 1
375 737 1
375 828 1
375 960 1
376 422 1
376 566 1
376 905 1
376 633 1
377 401 1
377 463 1
377 667 1
379 501 1
379 720 1
379 879 1
379 978 1
379 873 1
381 690 1
381 653 1
381 685 1
382 411 1
382 721 1
383 594 1
383 962 1
384 689 1
384 765 1
385 840 1
385 740 1
386 582 1
387 887 1
387 645 1
388 465 1
388 984 1
389 818 1
390 520 1
390 589 1
391 428 1
391 821 1
392 820 1
392 405 1
393 862 1
393 509 1
393 978 1
394 636 1
394 788 1
395 538 1
395 717 1
395 431 1
395 460 1
396 631 1
396 845 1
396 568 1
397 548 1
397 760 1
398 967 1
401 406 1
401 756 1
402 448 1
403 404 1
403 537 1
403 879 1
404 941 1
405 417 1
405 870 1
406 804 1
406 850 1
406 628 1
407 744 1
407 924 1
407 986 1
407 933 1
408 883 1
408 578 1
408 547 1
409 668 1
412 852 1
413 424 1
413 438 1
413 453 1
413 559 1
415 742 1
416 779 1
416 572 1
418 616 1
418 749 1
418 891 1
419 745 1
421 710 1
422 488 1
423 693 1
423 781 1
424 540 1
424 875 1
425 447 1
425 713 1
428 430 1
428 702 1
428 754 1
428 685 1
429 710 1
430 445 1
430 487 1
430 539 1
431 764 1
431 884 1
432 761 1
432 687 1
432 561 1
433 510 1
433 593 1
433 602 1
434 632 1
434 574 1
434 587 1
437 551 1
437 816 1
438 681 1
439 607 1
439 476 1
440 512 1
441 543 1
442 997 1
442 748 1
443 709 1
444 694 1
444 596 1
447 667 1
447 693 1
447 735 1
448 986 1
449 893 1
451 560 1
451 843 1
452 481 1
453 605 1
453 476 1
454 968 1
454 818 1
455 748 1
455 791 1
455 813 1
455 756 1
456 937 1
456 860 1
456 758 1
457 564 1
457 993 1
457 688 1
458 828 1
458 533 1
459 731 1
459 729 1
460 531 1
460 860 1
461 601 1
461 668 1
461 641 1
462 767 1
463 833 1
464 493 1
464 540 1
465 807 1
465 517 1
466 655 1
467 886 1
469 480 1
469 653 1
469 552 1
470 917 1
470 893 1
470 945 1
471 576 1
472 850 1
473 478 1
474 648 1
474 703 1
475 665 1
475 763 1
475 862 1
475 984 1
477 716 1
478 973 1
480 706 1
481 962 1
482 938 1
482 670 1
483 768 1
485 634 1
486 767 1
486 545 1
487 890 1
487 840 1
489 653 1
490 618 1
490 946 1
492 603 1
492 755 1
492 991 1
494 986 1
495 547 1
495 690 1
497 664 1
497 784 1
497 875 1
498 581 1
498 940 1
498 908 1
498 812 1
499 527 1
499 533 1
500 785 1
503 543 1
503 863 1
503 684 1
503 542 1
504 600 1
504 744 1
505 898 1
505 941 1
506 542 1
507 734 1
507 651 1
507 606 1
508 809 1
509 795 1
510 888 1
510 728 1
512 653 1
513 557 1
513 849 1
513 610 1
513 622 1
514 679 1
515 824 1
515 774 1
516 570 1
516 603 1
517 599 1
518 705 1
520 744 1
521 655 1
522 638 1
523 902 1
523 849 1
525 704 1
526 619 1
526 660 1
527 556 1
527 797 1
528 919 1
528 734 1
528 663 1
529 942 1
529 684 1
530 698 1
530 836 1
530 721 1
531 615 1
531 776 1
531 719 1
531 558 1
532 680 1
532 645 1
532 766 1
533 580 1
533 582 1
533 546 1
533 752 1
534 595 1
535 903 1
538 746 1
538 725 1
539 620 1
539 701 1
539 821 1
540 709 1
540 967 1
541 546 1
541 866 1
542 609 1
544 554 1
544 878 1
544 550 1
544 570 1
544 979 1
545 606 1
545 700 1
545 792 1
545 945 1
546 573 1
546 722 1
547 589 1
547 892 1
548 598 1
549 976 1
550 955 1
550 635 1
550 741 1
550 809 1
551 708 1
551 688 1
551 974 1
552 566 1
554 639 1
554 643 1
554 718 1
555 857 1
556 728 1
558 780 1
559 677 1
559 801 1
560 720 1
560 758 1
562 706 1
562 826 1
562 725 1
565 978 1
565 798 1
566 666 1
566 951 1
566 752 1
567 810 1
570 684 1
571 979 1
571 832 1
572 585 1
572 750 1
572 903 1
573 973 1
573 733 1
575 582 1
576 837 1
576 942 1
576 862 1
577 934 1
578 802 1
578 837 1
578 840 1
579 937 1
579 819 1
580 833 1
581 592 1
581 938 1
581 708 1
582 777 1
583 938 1
584 734 1
584 637 1
585 636 1
585 762 1
587 799 1
587 903 1
588 611 1
589 715 1
589 946 1
590 621 1
590 678 1
590 777 1
591 910 1
591 828 1
591 964 1
592 793 1
593 923 1
593 916 1
594 724 1
594 862 1
594 754 1
594 835 1
596 683 1
597 992 1
598 842 1
598 972 1
600 630 1
601 870 1
603 981 1
605 705 1
605 938 1
606 725 1
606 699 1
607 821 1
607 782 1
608 992 1
609 820 1
609 721 1
610 835 1
610 612 1
611 727 1
612 713 1
612 944 1
613 651 1
615 959 1
617 635 1
619 756 1
619 838 1
620 966 1
621 680 1
622 973 1
622 854 1
622 729 1
624 688 1
625 867 1
626 685 1
627 785 1
627 977 1
628 670 1
630 779 1
630 867 1
631 1000 1
631 723 1
632 718 1
634 810 1
634 674 1
635 673 1
635 899 1
635 798 1
636 642 1
637 879 1
639 830 1
640 856 1
641 731 1
641 782 1
641 646 1
643 915 1
643 646 1
644 649 1
644 679 1
645 981 1
645 890 1
646 682 1
647 679 1
648 817 1
648 794 1
649 871 1
649 972 1
650 855 1
651 813 1
651 844 1
652 822 1
653 873 1
654 827 1
654 896 1
657 711 1
657 900 1
657 970 1
658 939 1
658 872 1
658 879 1
659 722 1
660 910 1
660 848 1
661 721 1
662 821 1
663 894 1
664 787 1
665 959 1
665 837 1
665 995 1
666 714 1
668 996 1
670 935 1
671 968 1
672 752 1
676 712 1
677 810 1
678 993 1
678 684 1
679 775 1
679 734 1
679 809 1
681 806 1
681 953 1
682 759 1
682 890 1
682 723 1
685 797 1
686 833 1
686 949 1
686 792 1
686 778 1
688 944 1
690 807 1
690 934 1
691 993 1
691 871 1
693 903 1
694 726 1
694 747 1
694 910 1
694 921 1
695 882 1
700 861 1
700 950 1
701 898 1
702 896 1
703 821 1
703 939 1
705 816 1
706 726 1
706 833 1
706 861 1
708 823 1
710 870 1
711 884 1
711 946 1
713 872 1
715 998 1
716 829 1
716 899 1
717 811 1
717 736 1
718 775 1
718 886 1
719 834 1
720 911 1
721 736 1
721 823 1
721 913 1
724 935 1
725 947 1
727 943 1
730 812 1
732 788 1
733 793 1
734 919 1
736 741 1
737 791 1
737 885 1
737 972 1
737 783 1
738 908 1
738 776 1
739 983 1
741 812 1
744 822 1
744 915 1
744 752 1
745 751 1
745 860 1
747 795 1
752 762 1
752 903 1
755 803 1
758 760 1
759 825 1
762 878 1
763 917 1
765 944 1
766 916 1
768 977 1
769 890 1
770 876 1
770 902 1
770 963 1
772 812 1
772 865 1
773 848 1
773 991 1
774 973 1
774 941 1
774 991 1
774 813 1
779 936 1
781 825 1
782 806 1
783 978 1
785 786 1
785 843 1
786 951 1
788 910 1
788 931 1
790 974 1
790 797 1
794 800 1
794 878 1
795 899 1
797 857 1
800 904 1
801 975 1
802 945 1
804 949 1
804 894 1
804 821 1
808 819 1
808 851 1
808 918 1
810 829 1
814 836 1
815 927 1
817 937 1
818 909 1
819 999 1
819 942 1
820 956 1
824 877 1
830 937 1
832 939 1
833 877 1
833 844 1
833 917 1
834 945 1
836 990 1
840 903 1
845 931 1
845 964 1
846 930 1
846 888 1
847 979 1
853 895 1
853 980 1
855 966 1
859 952 1
859 970 1
861 907 1
861 994 1
862 874 1
863 899 1
863 873 1
864 953 1
870 897 1
873 956 1
875 905 1
877 953 1
877 974 1
877 922 1
880 929 1
891 950 1
892 953 1
895 934 1
896 936 1
897 925 1
898 918 1
918 961 1
931 938 1
936 974 1
940 995 1
946 980 1
969 982 1
969 974 1
