1 2 1
1 3 62
1 5 103
1 9 1
1 12 105
1 44 15
1 147 35
1 484 1
1 1358 85
1 1744 52
1 1646 80
1 152 24
2 6 1
2 39 42
2 788 42
2 326 112
2 134 68
2 1046 1
2 1104 1
3 4 34
3 7 1
3 13 180
3 28 72
3 128 142
3 130 40
3 150 57
3 696 18
3 1001 102
3 833 115
3 574 135
3 45 1
3 853 107
4 14 47
4 58 97
4 895 57
4 1209 36
4 594 71
4 650 54
4 212 91
5 10 1
5 69 34
5 247 24
5 287 140
5 347 1
5 362 49
5 729 17
5 752 1
5 1228 49
5 1939 15
6 24 81
6 57 93
6 64 28
6 65 1
6 676 10
6 1112 114
6 1450 61
6 1863 1
6 1155 1
6 190 69
6 279 35
6 1288 66
7 8 54
7 18 13
7 76 33
7 1201 92
7 1457 36
7 301 91
7 1151 140
7 1083 57
8 16 83
8 47 90
8 176 102
8 186 10
8 259 117
8 283 143
8 486 1
8 1473 149
8 56 160
8 1203 1
8 298 45
8 742 36
9 11 39
9 71 96
9 108 87
9 211 14
9 1863 1
9 1141 99
9 1453 116
9 1572 1
9 84 1
9 493 1
10 31 40
10 103 100
10 877 38
10 313 35
10 186 70
10 67 58
10 927 17
10 1211 37
10 1535 95
10 434 24
11 15 1
11 23 1
11 25 95
11 32 87
11 46 1
11 239 138
11 660 1
11 992 141
11 1389 1
11 588 1
11 648 1
11 14 86
11 675 58
12 91 1
12 269 45
12 309 62
12 331 1
12 367 24
12 489 24
12 1173 4
12 1535 129
12 797 1
12 1727 42
12 1699 83
12 184 70
13 19 93
13 53 22
13 188 27
13 334 59
13 522 1
13 643 90
13 1089 13
13 1795 82
13 104 69
13 1842 148
13 505 54
13 1249 1
14 22 1
14 36 13
14 42 13
14 45 66
14 61 59
14 149 1
14 225 55
14 731 84
14 1097 3
14 1699 1
14 1866 56
14 257 66
15 20 77
15 26 45
15 27 1
15 99 1
15 831 1
15 894 47
15 475 195
15 1972 1
16 17 1
16 40 60
16 74 1
16 118 87
16 336 36
16 549 125
16 682 115
16 951 74
16 379 1
17 106 56
17 898 34
17 1115 47
17 895 60
17 1528 21
17 392 63
17 1880 121
18 33 18
18 34 84
18 250 87
18 841 63
18 311 1
18 1210 1
18 1267 60
18 91 2
18 1011 82
19 21 40
19 485 39
19 583 32
19 232 36
20 51 1
20 626 83
20 652 20
20 1793 15
20 1518 69
20 851 82
20 975 62
20 1030 84
21 29 47
21 174 32
21 187 1
21 314 107
21 317 1
21 373 83
21 425 67
21 503 29
21 1332 1
21 742 1
21 955 36
21 1751 60
21 748 59
22 68 60
22 72 28
22 111 40
22 153 1
22 1820 12
22 128 71
22 1411 37
22 1256 60
22 1891 31
22 141 127
22 494 93
22 905 50
22 701 66
22 1586 1
23 275 1
23 433 8
23 1281 38
23 1743 48
23 310 10
23 403 1
23 1294 1
24 274 86
24 494 71
24 1468 60
24 620 1
24 39 94
24 551 35
24 1848 1
24 1352 52
25 192 41
25 818 105
25 618 35
26 43 212
26 48 117
26 78 13
26 87 1
26 134 18
26 326 1
26 939 105
26 944 9
26 1319 37
26 1599 60
26 1697 52
26 652 51
27 30 18
27 66 65
27 122 1
27 286 1
27 351 146
27 678 11
27 1023 20
27 864 91
27 335 73
27 1026 26
27 443 1
28 38 2
28 63 154
28 204 45
28 195 57
28 1382 43
28 1090 26
28 215 110
28 710 138
28 1604 27
29 35 5
29 49 1
29 92 97
29 169 11
29 761 56
29 1020 160
29 1395 92
29 1515 1
29 109 1
29 836 66
29 422 49
30 125 63
30 141 98
30 154 1
30 445 28
30 601 49
30 899 62
30 1720 71
30 614 72
30 1082 116
30 134 35
30 33 36
30 1730 36
31 124 61
31 143 66
31 1860 104
31 96 1
31 844 38
31 1857 1
32 131 15
32 255 99
32 1481 7
32 1755 31
32 181 66
32 249 163
32 1203 1
32 992 1
33 37 35
33 104 1
33 137 80
33 446 159
33 510 39
33 625 80
33 424 105
33 1786 1
33 1844 76
34 41 24
34 126 145
34 460 68
34 474 33
34 681 66
34 827 1
34 85 90
34 303 21
35 54 38
35 928 46
35 301 1
35 1926 53
35 607 1
35 1566 60
35 1490 13
35 68 1
36 56 131
36 164 21
36 209 44
36 381 35
36 1457 4
36 278 73
36 137 1
37 59 88
37 218 40
37 270 120
37 477 158
37 1288 124
37 187 1
38 142 132
38 450 26
38 472 47
38 1499 45
38 1767 56
38 1184 56
39 248 69
39 426 59
39 506 1
39 1582 47
39 1952 1
39 1686 43
40 198 26
40 502 102
40 529 57
40 613 60
40 845 85
40 479 120
40 642 83
40 1912 23
41 52 112
41 139 1
41 575 88
41 1424 76
41 489 74
41 950 96
42 94 15
42 365 112
42 462 115
42 1226 1
42 687 97
43 67 1
43 81 1
43 194 112
43 565 11
43 715 93
43 533 40
43 638 37
43 696 30
43 1588 1
44 323 59
44 1172 5
44 1691 66
44 1168 1
44 409 48
44 1922 71
45 70 1
45 183 36
45 1119 60
45 1040 67
45 179 54
46 55 98
46 82 75
46 121 1
46 280 78
46 1703 65
46 589 151
46 122 67
46 453 31
47 170 8
47 1076 47
47 1462 1
47 979 12
47 770 60
47 1841 61
47 151 107
48 50 41
48 140 78
48 215 46
48 1032 44
48 1081 68
48 1277 98
48 1278 105
48 1871 121
48 1979 50
48 1922 126
49 75 75
49 664 78
49 1149 37
49 1135 25
49 1629 67
49 1572 50
49 1062 2
50 60 22
50 62 146
50 1048 67
50 1614 95
50 942 28
50 658 112
50 140 1
50 927 88
50 1756 24
50 1629 1
51 185 16
51 200 41
51 206 35
51 803 47
51 948 106
51 1291 62
51 1416 152
51 1329 94
52 117 32
52 749 1
52 353 22
52 1280 1
52 1843 10
53 808 1
53 794 138
53 1731 1
53 540 54
53 1494 79
53 947 1
54 1627 77
54 1184 26
55 79 46
55 84 29
55 263 145
55 581 1
56 119 32
56 120 109
56 332 26
56 429 24
56 1771 1
56 1150 9
56 183 74
56 1888 1
57 110 9
57 230 1
57 292 50
57 1550 67
57 621 55
57 1651 58
57 1143 69
58 97 1
58 155 10
58 1233 44
58 1315 93
58 1471 45
58 593 60
58 1368 123
58 1277 1
58 1272 50
58 271 128
59 182 25
59 658 1
59 851 70
59 1226 49
59 1623 34
59 896 1
59 1998 1
59 1460 56
59 190 61
60 77 12
60 144 145
60 233 76
60 864 58
60 1593 26
60 914 75
60 1684 4
60 1167 19
61 73 51
61 253 52
61 262 115
61 441 10
61 876 75
61 734 23
62 428 40
62 692 10
62 802 57
62 1356 55
62 1241 56
62 1334 106
62 1108 1
62 1397 54
62 431 27
63 258 59
63 273 1
63 401 82
63 476 65
63 928 25
63 1992 1
63 792 29
63 789 97
64 135 70
64 710 1
64 935 3
64 1153 6
64 1910 54
64 1229 1
64 636 27
64 1064 87
64 1543 4
64 1431 78
64 1664 40
64 1772 70
64 1321 79
64 1351 1
64 1727 53
64 704 31
65 784 49
65 1098 73
65 272 35
65 1539 130
65 66 156
65 1530 53
65 1189 1
66 156 32
66 178 39
66 1914 1
66 1049 111
66 1704 28
67 730 40
67 1623 57
67 959 107
67 73 52
67 866 87
67 371 48
67 211 94
68 86 62
68 89 2
68 231 74
68 397 75
68 480 13
68 1077 35
68 1156 5
68 1636 1
68 1332 1
68 1038 14
68 1968 150
68 1572 44
69 105 1
69 109 14
69 214 55
69 399 60
69 1127 36
69 1409 67
69 1712 64
70 304 12
70 1934 44
70 170 84
70 1391 109
70 427 44
70 1400 44
70 1543 89
71 288 32
71 379 43
71 1414 1
71 1096 99
71 1540 120
72 80 110
72 93 61
72 113 45
72 504 1
72 1709 36
72 1750 76
72 1119 18
72 1659 95
72 218 8
73 146 55
73 338 1
73 1121 1
73 354 38
74 115 142
74 160 103
74 210 1
74 464 83
74 1919 1
74 764 70
74 399 71
75 127 42
75 1000 22
75 1224 1
75 1801 88
75 1592 21
75 1760 19
75 1466 19
75 1400 1
75 322 22
76 83 1
76 88 112
76 90 45
76 100 51
76 240 1
76 305 73
76 1047 71
76 1330 62
76 1255 33
76 503 1
76 1889 76
76 1975 1
76 363 32
76 111 60
77 96 8
77 327 34
77 340 85
77 968 19
77 1316 88
77 920 10
77 1830 1
77 517 133
77 1554 103
78 203 20
78 1140 93
78 1649 56
78 1094 64
78 1814 39
78 1849 65
79 297 13
79 984 130
79 580 23
79 528 124
79 1396 98
79 1032 13
79 1692 57
80 265 131
80 469 87
80 1800 48
80 1802 1
80 1471 36
80 1381 106
81 112 1
81 1202 1
81 982 137
81 1499 47
81 1997 41
81 1992 117
82 85 55
82 101 185
82 312 122
82 471 99
82 1236 80
82 1490 116
82 1272 37
82 103 79
82 1588 13
82 290 92
82 221 1
82 86 169
83 102 1
83 276 39
83 1024 49
83 1280 10
83 1562 1
83 1751 30
83 1808 79
83 579 111
83 1480 44
83 1990 98
83 1858 85
83 1951 58
84 132 32
84 1536 86
84 1647 133
84 163 71
85 249 32
85 302 129
85 376 64
85 1371 106
85 1829 51
85 911 130
85 1904 72
85 493 89
85 1638 21
85 1905 76
86 260 21
86 677 143
86 1064 185
86 890 1
86 107 87
87 95 1
87 98 102
87 145 34
87 439 98
87 383 1
87 540 31
87 518 1
87 1047 117
87 524 119
87 1788 37
87 1131 86
88 202 1
88 572 7
88 954 55
88 1862 82
88 812 39
88 1790 54
89 116 1
89 308 127
89 683 1
89 974 1
89 1310 176
89 1763 5
89 1067 63
90 171 103
90 1186 11
90 1233 69
91 654 15
91 1272 72
91 113 22
91 1922 92
91 888 17
91 2000 96
91 1469 64
91 1127 22
91 786 70
92 449 54
92 751 80
92 1470 61
92 1744 80
93 364 8
93 1424 70
93 471 20
93 1654 6
93 196 15
94 107 1
94 272 14
94 432 63
94 1003 63
94 1407 1
94 1590 91
94 1153 31
95 161 42
95 488 55
95 1498 31
95 1954 66
96 1627 29
96 1983 27
96 343 59
96 327 79
96 1395 56
96 1374 10
97 217 81
97 1139 1
97 1256 62
97 833 78
97 1111 12
97 1135 71
98 114 21
98 133 39
98 208 100
98 355 95
98 483 77
98 1113 86
98 139 9
98 1512 1
98 217 95
98 314 1
98 1549 84
98 1315 1
99 1310 15
99 373 1
99 972 1
99 1501 40
99 1001 108
99 649 41
100 958 142
100 678 145
100 1614 1
100 1924 54
100 1696 1
101 129 66
101 1947 32
101 303 44
101 153 180
101 597 90
101 1046 85
102 371 48
102 684 41
102 1447 129
102 334 82
102 1565 1
102 1512 1
103 123 84
103 515 101
103 686 1
103 846 41
103 351 1
103 400 53
103 1901 79
104 216 61
104 226 111
104 591 75
104 809 1
104 1489 80
104 1678 25
104 1796 112
104 1987 9
104 449 180
104 1352 126
104 1196 81
104 791 1
104 1545 24
104 1812 31
105 573 75
105 1025 47
105 1955 70
105 1708 83
105 1107 24
105 1706 26
106 437 1
106 659 108
106 1051 65
106 1575 1
106 383 5
106 623 6
106 266 52
106 1971 20
106 738 1
106 361 110
106 1133 29
107 341 18
107 514 34
107 977 68
107 1532 99
107 1401 77
107 1726 86
108 213 53
108 234 13
108 267 32
108 720 63
108 1241 114
108 801 100
108 1268 1
108 1280 1
108 594 106
109 163 1
109 189 21
109 238 67
109 321 73
109 1876 31
109 1958 127
109 1848 25
109 1470 1
109 1990 1
109 1404 99
109 1593 37
109 1099 125
110 158 82
110 195 72
110 212 124
110 271 121
110 1954 1
110 877 17
110 1170 9
110 836 56
111 222 16
111 507 140
111 531 1
111 691 134
111 1063 15
111 960 1
111 1234 1
111 1407 77
111 1255 22
112 227 13
112 665 68
112 896 128
112 726 38
112 924 108
112 331 1
112 231 140
113 406 1
113 417 1
113 511 43
114 151 68
114 1034 13
114 245 35
114 724 83
114 1033 30
114 465 66
114 1928 126
114 1307 17
114 1408 76
114 547 1
114 961 14
115 377 16
115 785 42
115 1057 1
115 1464 1
115 568 67
115 333 84
115 1208 1
116 458 1
116 374 2
116 1267 54
117 420 77
117 900 58
117 122 111
117 1627 169
117 1177 29
117 693 98
117 990 59
118 205 123
118 997 1
118 1074 9
118 1365 88
118 1627 54
118 1612 27
118 1022 99
119 237 92
119 383 1
119 1588 1
119 863 49
120 1839 52
120 1416 75
120 1894 1
120 1103 27
120 148 1
120 257 74
120 852 32
121 162 54
121 285 60
121 564 79
121 1056 90
121 1703 43
121 306 91
121 1589 4
121 555 39
122 789 1
122 445 84
122 1216 92
123 167 41
123 268 96
123 284 12
123 713 17
123 822 1
123 1020 64
123 1058 49
123 315 10
123 1296 113
123 1051 69
124 874 29
124 532 35
124 979 16
124 889 1
124 451 1
124 1970 141
124 399 73
125 197 6
125 199 34
125 319 33
125 375 38
125 663 111
125 1153 1
125 1375 67
125 1996 16
126 442 56
126 1135 14
126 499 110
126 501 21
126 1515 163
126 1791 1
127 592 1
127 1029 46
127 1448 68
127 994 149
127 1788 128
128 184 85
128 490 93
128 538 67
128 612 31
128 1425 50
128 248 36
128 1144 3
128 1332 53
128 159 42
128 1776 80
129 527 1
129 1124 4
129 402 63
129 1472 89
129 545 1
130 1483 117
130 1619 143
130 1279 29
130 150 1
131 335 58
131 1145 41
131 1160 81
131 1515 1
131 1652 74
131 1914 12
131 1856 27
132 307 78
132 568 76
132 1782 5
132 1941 58
132 1372 70
132 583 47
132 195 144
132 1062 91
133 138 53
133 236 68
133 844 91
133 349 50
133 1119 86
134 136 147
134 159 45
134 937 1
134 972 37
134 309 66
134 415 116
134 449 102
135 152 51
135 157 6
135 165 35
135 477 30
135 614 1
135 1946 6
135 148 34
136 359 78
136 454 79
136 1022 17
136 1412 16
136 440 34
136 1621 1
136 1344 19
136 1900 1
136 1659 1
136 215 88
137 207 79
137 1125 82
137 1489 20
137 1022 136
137 841 95
137 786 139
137 174 1
137 754 90
137 1093 115
138 148 1
138 207 113
138 394 17
138 1053 1
138 557 126
138 1037 76
138 1733 33
138 1599 34
138 533 88
138 1661 1
138 1445 1
138 526 62
139 1798 10
139 1708 34
139 864 85
139 472 73
139 734 1
139 1458 105
139 1941 107
139 424 53
139 1134 36
139 1358 68
139 164 119
140 1111 33
140 394 53
140 243 1
140 1769 121
141 857 24
141 1822 106
142 354 108
142 411 28
142 1943 68
142 1307 38
142 1456 24
143 404 62
143 496 6
143 1526 82
143 1924 1
143 306 19
144 320 33
144 687 1
144 1995 45
144 968 52
144 1706 54
144 1591 34
144 258 83
144 145 27
145 196 37
145 1494 47
145 1848 31
145 1860 24
146 181 23
146 688 65
146 783 86
146 1462 1
146 507 1
146 1712 27
146 1637 68
147 1378 12
147 372 127
147 1206 3
148 306 1
148 1648 1
148 192 29
148 1989 88
148 1454 35
149 463 1
149 1735 70
150 289 54
150 546 100
150 169 151
150 690 120
150 1109 17
150 473 1
150 584 1
150 1671 1
151 603 1
151 1675 1
151 156 65
151 803 142
151 228 45
151 809 53
152 953 1
152 681 1
152 1645 28
152 1284 2
152 1988 52
154 168 94
154 201 93
154 1401 141
155 385 46
155 740 1
155 1554 120
155 1433 20
155 1306 7
155 430 23
155 573 1
155 1889 61
155 1183 19
156 261 94
156 470 39
156 1562 55
156 260 79
156 1435 82
156 1609 94
157 175 1
157 256 40
157 1438 94
157 172 59
157 604 1
157 990 2
157 1580 85
157 538 45
157 1061 60
157 1608 51
158 266 82
158 438 38
158 579 95
158 883 80
158 1399 84
158 1890 36
159 180 1
159 325 38
159 487 65
159 604 1
159 1627 62
159 631 81
159 1915 11
159 920 25
159 684 53
160 296 64
160 619 1
160 790 113
160 1823 1
160 1670 79
160 823 104
160 1141 56
160 1959 61
160 1468 5
160 1654 76
160 1740 115
160 872 12
161 252 64
161 1549 8
161 1892 50
161 1071 31
161 1510 1
161 1767 21
161 1046 41
162 172 20
162 264 41
162 1152 109
162 1491 1
162 1383 48
162 1443 10
162 1398 67
163 166 58
163 646 53
163 898 92
164 1034 77
164 1400 63
164 1015 62
164 1468 142
164 653 52
164 1095 1
165 179 48
165 440 69
165 461 76
165 1043 1
165 1274 46
166 1082 53
166 598 62
166 1052 1
166 234 130
167 173 37
167 241 89
167 244 24
167 960 1
167 1544 50
167 854 1
168 177 12
168 368 35
168 386 1
168 519 18
168 983 5
168 1618 22
169 315 107
169 649 72
169 1222 38
169 1687 96
169 1014 1
169 1200 82
169 1444 54
170 672 46
170 1736 37
170 1291 82
170 1062 42
170 1837 119
170 1991 117
171 298 5
171 839 18
171 1909 52
171 1990 7
171 683 115
172 193 17
172 232 50
172 389 38
172 1641 1
172 1940 113
172 1588 54
172 1385 102
172 974 46
173 400 16
173 553 81
173 666 36
173 1912 50
173 265 53
173 175 132
174 384 75
174 1875 78
174 1344 112
174 725 48
174 563 69
174 1484 95
174 1724 37
174 1197 38
175 457 174
175 1692 29
175 1110 69
175 983 11
175 1330 77
176 453 70
176 1594 47
176 1176 46
177 281 40
177 732 94
177 1348 78
177 1417 37
177 220 1
177 529 108
177 443 1
177 1492 1
178 278 1
178 493 89
178 1783 13
178 1298 119
178 513 33
178 1857 21
178 908 38
178 1144 12
178 1754 62
179 322 69
179 452 25
179 747 1
179 307 49
179 608 2
180 242 48
180 342 84
180 955 1
180 1440 131
180 744 101
180 506 77
180 1215 36
180 642 96
180 1522 122
181 758 128
181 1964 45
182 190 60
182 708 1
182 1860 107
183 221 47
183 382 41
183 479 41
183 1439 58
183 418 98
183 1919 52
183 449 42
183 1947 79
184 229 101
184 324 60
184 352 1
184 366 54
184 528 161
184 571 94
184 1040 23
184 1762 76
184 1717 111
184 1106 38
184 1653 55
184 763 85
185 282 1
185 794 126
185 1264 65
185 1869 135
185 1987 148
185 1579 51
185 1172 1
185 1285 102
186 291 1
186 353 22
186 527 207
186 817 3
186 1702 94
186 576 57
186 1135 64
187 1254 93
187 702 15
187 486 1
187 869 44
187 657 1
187 1328 113
187 1169 1
187 1954 119
188 191 39
188 1087 62
188 1423 1
188 1781 29
188 1955 39
188 552 5
189 675 50
189 834 5
189 1324 30
189 1953 110
189 1967 1
189 1841 16
190 550 35
190 657 43
190 650 1
190 1929 2
191 559 43
191 1728 20
191 385 69
191 1534 126
192 1677 59
192 360 69
192 1133 70
192 477 61
193 223 1
193 414 126
193 1255 78
193 1303 4
193 1922 65
193 1362 92
193 1672 39
193 1298 45
193 1959 57
194 398 1
194 768 82
194 1846 47
194 1583 33
194 808 61
194 1087 47
194 1558 1
195 224 71
195 416 1
195 650 45
195 1742 87
195 1234 35
195 734 42
195 1504 24
195 1549 1
196 569 47
196 711 55
196 1215 66
196 325 1
196 1834 66
196 815 65
196 1361 81
197 447 105
197 466 94
197 497 88
197 620 74
197 1148 68
197 1379 15
197 1639 13
197 1626 79
197 1826 73
197 233 59
197 1716 70
198 388 76
198 415 1
198 715 125
198 718 36
198 1807 74
198 1502 17
199 540 98
199 743 12
199 227 54
199 741 94
200 1764 120
200 374 66
200 1434 60
200 520 25
200 1162 105
200 634 1
200 1987 30
200 1845 54
201 430 63
201 969 58
201 1079 1
201 476 74
202 557 1
202 1323 1
203 257 85
203 512 7
203 354 16
203 1101 116
203 226 13
204 311 69
204 945 113
204 1514 1
204 1659 1
204 1752 188
204 1591 60
204 350 96
204 1694 74
204 1393 97
205 473 59
205 584 88
205 616 1
205 878 1
205 1258 101
205 1927 171
205 324 45
205 340 32
206 333 79
206 1059 36
206 751 21
206 784 37
206 1133 49
207 228 109
207 293 94
207 757 73
207 654 86
207 759 7
207 1196 28
207 1813 29
208 1992 80
208 1588 82
208 688 149
208 355 16
208 793 88
209 245 1
209 974 1
210 1191 112
210 1817 1
210 625 71
210 1162 122
210 1391 65
210 1220 125
211 693 1
211 924 69
211 981 20
211 1262 80
211 1359 9
211 766 39
211 927 61
211 234 81
212 718 59
212 1737 22
212 536 33
212 345 40
212 1998 95
213 219 1
213 467 75
213 530 71
213 627 57
213 362 124
213 1900 77
213 1703 46
213 1045 92
213 1667 55
214 451 24
214 1230 89
214 822 110
214 1748 113
214 906 4
215 418 13
215 1998 25
215 1297 49
215 246 109
215 1418 1
215 372 1
216 356 45
216 424 128
216 1099 1
216 1527 11
216 1084 148
216 1525 47
217 220 44
217 330 124
217 539 173
217 1113 48
217 1381 1
217 257 47
217 256 100
218 434 71
218 518 33
218 605 21
218 721 134
218 742 134
218 584 77
218 1479 1
218 1229 17
218 473 17
219 235 53
219 595 58
219 703 1
219 1276 143
219 885 19
219 1907 170
219 1691 40
219 1128 32
219 1535 27
220 921 1
220 559 1
220 1378 14
220 1894 59
221 408 1
221 887 25
221 1237 27
221 269 17
221 739 81
222 1149 27
222 1465 118
222 1025 56
222 353 62
222 1013 91
223 1009 1
223 1982 66
223 1571 71
223 458 120
223 1997 44
223 1229 103
223 953 108
224 294 52
224 318 28
224 407 149
224 1123 1
225 358 1
225 813 92
225 558 27
226 1408 89
226 662 83
226 1502 58
226 1015 47
226 1220 4
226 1861 1
226 335 29
226 1232 33
226 1832 115
227 363 102
227 1738 125
227 814 61
228 623 1
228 1195 56
228 524 23
228 979 75
228 668 46
229 856 115
229 1614 90
229 1162 21
229 429 96
229 1000 1
229 1814 38
230 501 34
230 531 114
230 1383 1
230 933 17
231 641 23
231 1463 96
231 332 11
232 370 64
232 1366 7
233 243 3
233 449 85
233 1578 1
233 933 1
233 430 7
233 702 29
233 1169 101
234 1321 90
234 1184 23
234 314 1
234 457 1
234 1564 1
235 295 74
235 410 123
235 412 129
235 737 85
235 1143 103
236 755 1
236 1815 87
236 977 43
236 1764 64
236 789 1
236 1503 48
237 505 112
237 724 56
237 1841 9
237 310 81
237 510 30
237 1535 59
237 1531 41
238 246 6
238 786 45
238 1769 28
238 1169 1
238 1432 41
238 562 102
239 343 56
239 1232 18
239 1681 1
239 578 13
240 610 1
240 1365 10
240 622 37
240 1595 16
240 1296 1
240 352 111
240 322 1
240 1720 20
241 751 20
241 385 82
241 1795 99
241 1607 72
242 290 1
242 436 41
242 1211 89
242 875 29
242 1792 62
242 1329 72
242 798 20
242 1603 5
243 1704 85
244 492 21
244 701 57
244 1362 42
244 1885 46
244 1043 96
244 532 159
244 1073 24
244 1653 109
244 1482 2
245 299 48
245 328 46
245 1204 25
245 1205 30
245 1661 49
245 1497 7
245 1411 10
245 1963 61
246 251 36
246 405 127
246 1895 37
246 840 18
246 1369 106
247 814 36
247 1263 35
247 1759 35
247 1442 135
247 1191 1
247 1991 60
248 372 52
248 1015 108
248 390 7
249 349 65
249 350 5
249 832 57
249 1353 96
249 923 74
249 1607 86
250 1852 199
250 719 68
251 254 60
251 674 97
251 750 51
251 1134 82
251 1430 45
251 1077 1
251 765 6
252 615 17
252 819 120
252 1616 39
252 1668 30
252 1113 25
252 835 95
252 1739 1
252 418 71
254 468 129
254 545 1
254 1294 84
254 439 10
255 752 47
255 1010 119
255 1515 53
255 1283 107
255 1200 103
255 1487 139
255 824 23
255 409 89
256 300 21
256 1301 1
256 414 38
256 1374 80
257 578 126
257 1276 76
257 299 72
258 380 57
258 554 74
258 651 72
258 270 64
258 1297 67
258 1019 146
259 758 20
259 1141 41
259 1342 46
259 1689 98
259 1143 36
259 1088 70
260 277 50
260 345 104
260 1725 143
260 306 67
260 1753 39
260 710 115
260 1067 77
261 606 139
261 1199 116
261 1129 113
261 1302 13
261 1293 60
262 1853 90
262 921 76
262 1278 139
262 1523 100
263 668 37
263 1915 1
264 702 87
264 1094 91
264 1764 108
264 538 1
264 465 121
264 1961 116
264 794 129
264 923 1
264 1683 1
264 1140 62
265 361 34
265 754 122
265 686 64
265 883 41
265 1030 68
265 1269 76
266 303 1
266 597 114
266 602 1
266 962 115
266 1930 132
266 1550 1
266 1077 1
267 300 27
267 1320 1
267 1595 67
267 1323 66
268 875 38
268 1343 1
268 1115 40
268 640 23
268 421 62
269 1168 68
269 1629 43
269 1291 73
270 461 32
270 1989 58
271 360 18
271 423 1
271 1955 30
271 1882 88
271 1943 1
271 1454 1
271 504 1
272 435 18
272 1898 134
272 836 45
272 1872 47
272 1542 185
272 388 109
272 1999 1
273 1851 46
273 1321 82
273 345 7
273 1157 79
274 279 27
274 455 1
274 773 56
274 1017 80
274 1455 158
274 898 31
274 1552 17
274 1443 51
274 1366 45
274 1127 7
275 459 56
275 998 23
275 1651 129
275 1317 97
275 536 54
275 1326 58
275 1009 98
275 1864 96
276 402 90
276 967 68
276 1351 81
276 344 51
276 1586 84
276 536 76
276 1369 1
276 819 1
277 392 1
277 521 1
277 727 46
277 1257 17
277 1657 11
277 694 132
277 1188 29
277 1504 102
277 1217 86
277 1617 129
277 1867 112
277 409 40
278 524 52
278 573 1
278 672 1
279 717 29
279 1693 131
279 939 50
279 681 1
279 689 1
280 561 156
280 769 78
280 1114 1
280 1517 94
280 285 102
280 1460 1
280 969 42
280 1016 1
280 1304 1
280 437 1
281 1190 25
281 1066 59
281 600 1
281 319 1
282 541 1
282 753 69
282 1522 23
282 1889 1
282 617 48
282 1180 62
283 795 86
283 1252 36
283 1331 18
283 1318 53
283 1578 50
283 545 73
283 1150 44
283 1199 73
284 313 14
284 533 20
284 1766 43
284 775 1
284 1668 63
284 933 79
284 850 119
284 1315 67
284 1404 143
284 407 164
285 310 1
285 560 65
285 372 104
285 1568 1
285 1285 1
286 577 77
286 1609 29
286 1835 73
286 320 91
286 442 97
286 559 16
286 1706 127
287 422 108
287 1030 105
287 1631 35
287 997 96
288 1436 68
288 1429 62
288 961 1
289 1324 43
289 1813 37
289 1537 36
289 421 17
290 574 116
290 1523 67
290 1597 14
290 1902 1
290 1400 1
291 301 142
291 741 71
291 930 5
291 1740 69
291 614 13
291 1060 1
291 1988 14
291 1011 146
292 1940 102
292 896 13
293 914 40
293 1015 136
293 438 14
293 1844 104
294 547 34
294 1176 1
294 1853 28
294 855 99
294 905 43
294 1461 67
294 1119 140
295 344 71
295 391 35
295 1527 1
295 1337 76
295 389 15
295 504 64
295 1420 61
295 1660 14
296 524 47
296 1265 47
297 348 1
297 720 42
297 876 1
297 1268 2
298 357 4
298 770 49
298 719 42
298 1908 22
298 782 1
298 1702 88
298 332 36
299 1417 24
299 1696 47
299 1987 43
299 1907 50
300 847 103
300 1206 1
300 1619 44
300 1845 53
300 1150 79
301 1690 47
301 1210 66
302 1480 17
303 782 106
303 1018 35
303 726 86
303 1371 45
303 1321 28
303 517 23
304 443 1
304 1384 57
304 915 61
304 1946 38
304 1669 168
304 1034 39
305 337 39
305 1105 51
306 329 55
306 888 1
306 1739 98
306 1855 18
306 977 113
306 1510 95
307 403 30
307 478 47
307 833 84
307 1478 1
307 1509 111
307 819 132
307 682 83
308 780 3
308 1970 21
308 1913 1
308 1863 52
308 1582 109
308 1436 1
308 1422 48
308 847 21
309 1742 71
309 702 35
309 1336 1
309 350 105
310 316 139
310 680 23
310 1072 1
310 1177 64
310 1866 65
310 1171 1
311 339 6
311 448 1
311 1364 1
311 670 37
311 1342 18
311 1878 123
312 589 1
312 1080 72
312 1463 62
312 1889 88
312 1391 103
312 1438 86
312 973 46
312 1493 126
312 1312 87
312 1963 56
313 476 49
313 837 27
313 565 26
314 772 73
314 421 74
314 664 114
314 1538 78
315 387 15
315 535 1
315 631 72
315 538 12
315 1281 47
315 653 101
316 491 107
316 866 45
316 1144 50
316 1662 68
316 1296 9
316 422 42
316 744 110
317 632 34
317 918 88
317 1455 1
318 570 95
318 1723 67
318 1948 1
318 919 50
318 1266 37
318 1065 115
319 774 123
319 548 34
319 1099 1
319 1589 1
319 1560 31
320 857 35
321 599 56
321 1033 1
321 622 36
321 1447 50
322 830 69
322 1260 76
322 1930 45
322 1803 1
322 986 21
322 1538 26
322 1755 57
323 950 40
323 1060 93
323 795 82
323 1797 68
324 395 83
324 1695 96
324 1508 49
324 1000 93
324 772 76
324 1179 94
325 1791 100
325 730 61
325 1240 95
326 646 26
326 661 81
326 931 162
326 748 136
326 1595 1
326 444 64
326 1428 46
326 343 69
327 778 1
327 1706 1
327 1655 1
327 1674 60
327 1955 61
327 1220 96
328 1453 62
328 442 1
328 624 36
328 868 28
329 543 24
329 895 59
329 425 70
329 930 12
329 1382 58
329 1757 1
330 555 92
330 529 53
330 506 183
330 839 51
330 1490 18
330 1028 118
330 1242 33
331 562 106
331 671 1
331 1737 92
331 656 97
331 1048 71
331 468 91
332 1417 8
333 481 1
333 829 76
333 552 81
333 1451 85
333 1714 119
334 482 1
334 1302 38
334 914 59
334 1783 42
335 1379 99
335 952 22
335 707 93
335 508 83
335 445 66
335 1880 123
335 1385 71
336 1667 119
336 1106 1
336 1392 93
336 783 2
337 1484 3
337 1257 12
337 767 137
337 1723 131
337 525 83
337 1731 134
338 346 99
338 838 100
338 1641 1
338 1501 150
338 1077 62
339 990 62
339 1344 62
339 622 52
339 1358 42
340 536 141
340 1284 54
340 1496 91
341 369 29
341 1556 91
341 1946 110
341 1470 45
341 1019 73
341 1221 117
341 1993 46
342 709 1
342 941 9
342 1151 88
342 1819 84
342 1904 57
342 835 53
342 1242 26
343 961 61
343 1141 1
344 352 13
344 1342 1
344 613 68
344 1218 42
344 1587 93
345 736 87
345 1367 1
345 1716 13
346 390 43
346 676 21
346 880 2
347 716 1
347 1091 1
347 1397 53
347 485 34
347 1286 71
348 1633 1
348 553 40
348 1152 1
348 892 1
348 419 60
348 1080 53
349 723 107
349 881 1
349 1975 1
349 1988 47
349 579 17
349 451 100
349 712 23
349 358 30
349 737 19
350 513 46
350 520 1
350 1401 58
351 653 1
351 897 80
351 1821 1
351 1902 43
351 1072 1
351 856 1
351 647 48
351 1038 77
351 808 1
351 1397 104
351 1173 1
351 1769 8
352 413 1
352 1089 49
352 1826 11
353 722 171
353 1241 54
353 1709 65
353 917 27
354 532 61
354 635 1
354 664 22
354 1420 78
354 1601 1
354 1554 67
355 892 3
355 570 1
356 958 99
356 1069 55
356 1128 20
356 408 101
357 374 74
357 986 20
357 1183 38
357 1549 24
357 1813 215
357 1791 57
357 1462 1
358 381 38
358 1416 17
358 1940 14
358 1134 1
358 1803 1
358 1162 50
359 1357 63
359 1956 99
359 1483 1
360 1927 12
361 1073 27
361 1566 151
361 813 86
361 692 17
362 1485 40
362 369 50
362 1580 115
362 1030 1
362 1997 1
362 1861 43
363 1511 1
363 1442 11
363 1356 102
364 378 41
364 609 94
364 1102 64
364 1474 133
364 1397 55
364 919 12
365 431 38
365 999 1
365 1393 42
365 1298 4
365 607 1
365 1500 86
365 1334 1
366 942 34
367 871 93
367 929 123
368 409 37
368 421 115
368 866 1
368 706 168
368 1779 71
368 1259 44
368 862 23
368 1150 2
368 1510 89
369 911 78
369 1415 50
369 1359 63
369 1898 118
369 1123 91
369 1962 135
370 495 78
370 805 89
371 1432 89
371 942 24
371 1974 161
371 1031 38
371 1833 131
372 588 22
372 1331 89
372 1764 105
373 885 72
373 1197 114
373 853 1
373 397 133
373 1185 1
374 500 185
374 823 40
374 1101 48
374 1658 127
374 1369 1
374 1787 83
374 1284 15
374 627 45
374 1613 46
374 1419 170
375 396 50
375 1533 54
375 1461 96
375 1888 9
375 1968 94
375 1557 61
375 1499 1
376 427 80
376 1274 66
376 1182 1
376 1356 52
377 611 114
377 1309 30
377 1238 60
378 1005 24
378 866 125
378 1810 19
378 765 125
378 1909 58
378 1422 45
379 1694 57
379 1713 39
380 393 59
380 981 40
380 1513 10
380 1542 84
380 1819 63
380 1873 1
381 970 12
381 1474 78
381 1142 139
381 1147 1
382 517 49
382 1004 66
382 1075 77
382 1363 118
382 515 11
382 1259 9
383 525 49
383 639 1
383 1292 84
383 1994 54
384 1437 10
384 1440 1
384 909 23
385 837 94
386 552 61
386 1360 22
386 590 14
387 608 1
387 1163 55
387 1332 29
387 1176 65
387 631 62
388 1265 114
388 866 1
388 483 23
389 844 90
389 1110 94
389 679 10
389 1584 15
389 1044 105
390 582 38
390 969 28
390 1885 1
390 769 119
391 1011 100
391 1891 111
391 1278 139
391 750 17
391 1951 158
392 580 90
392 1626 52
392 906 77
392 756 66
393 965 33
393 1495 42
393 1438 36
393 1643 26
394 1090 141
394 1104 22
394 810 1
395 734 112
395 735 81
395 1510 103
395 801 136
395 772 50
395 455 1
395 786 53
395 520 78
396 1657 44
396 1322 66
397 1952 97
398 1644 1
398 709 34
398 1737 45
399 1637 64
399 1979 1
400 419 21
400 1002 95
400 1019 106
400 1175 37
400 1834 64
400 897 1
401 563 1
401 1106 20
401 866 43
401 1529 47
401 1058 113
401 1639 56
402 828 97
402 1721 24
402 628 26
402 1045 16
402 674 47
402 717 107
403 1216 1
403 1574 37
403 1427 56
403 1043 1
403 1983 45
403 1361 1
403 1020 1
403 944 89
404 1125 48
404 1496 17
404 1655 53
404 1104 81
404 1774 22
405 681 74
405 713 99
406 444 1
406 1180 87
406 1136 2
406 1555 1
407 640 1
407 1528 14
407 1119 100
407 1124 91
408 690 65
408 923 143
408 1848 19
408 1152 1
408 1075 39
408 1061 21
408 1137 1
409 669 1
409 835 153
409 1550 59
409 1138 114
410 1781 61
410 1471 1
410 966 20
410 1581 41
411 1491 87
411 1025 1
411 903 40
411 582 6
412 1150 123
412 928 39
412 993 74
413 833 75
413 1335 1
413 1768 104
413 456 1
413 836 53
413 1903 94
413 856 98
414 526 88
414 1686 60
414 815 12
415 1193 53
415 1831 26
415 1852 51
415 1386 35
415 1837 5
415 1966 65
415 1031 86
416 1974 58
416 742 55
416 1560 1
416 1573 96
417 1430 43
417 796 55
417 1696 65
418 1727 104
418 1984 55
418 1191 40
418 1202 31
418 1922 132
419 1961 132
419 1178 70
419 1736 71
420 475 1
420 505 79
420 580 28
420 772 79
421 456 13
421 498 1
421 963 1
421 1305 127
421 1008 155
421 1986 1
421 720 53
422 694 46
422 583 139
422 1133 51
422 1589 58
423 1287 34
423 1360 64
423 1765 7
423 1860 101
423 1093 14
423 770 75
423 436 50
424 508 46
425 843 89
425 1652 61
425 923 71
425 801 60
425 993 66
426 872 48
426 1632 64
426 1457 66
426 1327 61
426 773 22
427 516 39
427 533 90
427 1306 118
427 556 20
427 1264 1
428 1188 34
428 1316 132
428 1436 138
429 957 1
429 1085 1
429 1311 93
429 1578 1
429 1929 33
429 486 117
429 529 126
429 1655 46
430 647 55
430 766 42
430 1507 91
431 622 115
431 920 84
431 1508 50
431 1586 86
432 836 38
432 1313 82
433 1973 102
434 440 80
434 1255 57
434 1516 19
435 556 32
435 1845 72
435 1873 71
435 992 21
435 620 113
435 1707 1
436 1018 75
437 638 120
437 868 134
437 1123 29
437 1426 84
437 1928 12
437 1018 139
437 1306 1
437 599 115
437 1624 119
437 919 156
437 1428 12
437 1190 44
437 496 31
438 633 17
439 465 92
439 1016 61
439 1284 1
439 1352 87
439 1538 41
439 1686 72
439 1533 129
439 828 9
440 890 97
440 1213 70
440 1235 53
440 901 101
440 1332 23
440 1993 67
441 530 172
441 936 55
442 872 1
442 1037 140
442 1470 69
442 1619 1
442 481 15
442 1365 1
443 974 50
443 1863 72
443 1502 78
443 929 11
443 508 25
443 1209 116
444 904 1
444 591 139
444 561 92
444 748 41
445 782 1
445 1500 62
446 645 78
446 1227 1
447 1702 12
447 838 1
447 1315 44
447 1326 1
447 582 59
447 1460 47
448 771 39
448 620 5
448 619 92
449 764 129
449 1207 58
449 1577 1
449 1687 1
449 1897 22
450 1036 77
450 1116 37
450 486 106
451 752 31
451 1345 1
451 1180 1
451 703 15
452 662 78
452 1908 120
452 914 1
452 1510 33
452 620 60
452 517 119
453 1504 47
453 635 41
453 1519 157
454 576 148
454 1905 58
454 1155 4
455 806 37
455 1361 84
455 1516 57
455 1761 54
455 797 82
455 1538 35
455 1032 61
455 1839 1
456 537 24
456 970 65
456 1650 22
457 699 135
457 867 26
457 787 1
458 860 24
458 1176 146
458 1530 41
458 1546 42
458 829 58
458 1211 49
458 925 93
458 1595 42
459 684 7
459 1261 17
459 1075 132
459 1154 111
459 1313 89
459 753 109
460 673 6
460 853 85
460 1388 20
461 551 103
461 964 107
461 1041 61
461 690 80
462 728 51
462 1152 6
462 1345 15
462 1897 1
462 1930 1
462 733 1
462 1994 118
463 725 88
463 1046 1
463 1789 52
463 1743 66
463 1101 115
463 1186 94
464 1999 93
465 586 58
465 1337 26
466 759 6
466 1553 67
466 1797 125
466 892 66
466 1035 1
466 1227 52
467 709 57
467 1241 162
468 1207 62
468 1585 108
468 1210 9
469 542 13
469 1804 105
469 797 35
469 1274 73
469 921 9
470 1126 5
470 1136 1
470 1372 27
470 1387 90
470 1460 64
470 893 2
470 1429 91
471 622 35
471 689 17
471 800 29
471 951 23
471 1891 48
471 953 119
471 955 83
471 1371 38
472 1474 22
472 1462 28
473 1370 46
473 1145 1
473 1761 28
473 1827 62
473 1817 77
474 1874 25
475 544 1
475 548 80
475 891 51
475 1554 175
476 1386 1
476 1739 28
477 587 1
477 1774 111
478 1071 67
478 1259 56
478 985 15
478 1488 1
478 840 13
479 499 154
479 1218 2
479 1919 31
480 1976 84
480 1732 92
480 1416 1
480 962 56
481 607 72
481 621 22
481 655 55
481 861 14
481 1346 22
481 1674 28
481 738 60
481 1007 89
481 1117 61
482 1323 55
482 1455 79
482 1520 119
483 644 110
483 799 35
483 1569 1
483 816 52
483 795 98
483 1296 26
484 648 44
484 767 1
484 1212 30
484 1568 74
485 581 74
485 585 105
485 1576 103
486 917 1
486 1244 28
486 1639 33
487 523 44
487 738 121
487 1310 1
487 1885 64
488 1129 1
488 816 28
488 1074 1
488 564 98
489 910 17
489 1830 132
489 1843 1
490 811 18
490 1962 38
491 1894 1
491 1236 66
491 1678 1
492 988 1
492 1997 19
492 1633 1
492 1847 84
492 1387 1
492 1808 123
492 1718 1
493 749 63
493 1454 37
493 1076 6
493 1021 19
494 779 63
494 873 57
494 1133 35
494 1779 57
494 1855 18
494 664 91
494 1269 26
494 847 82
495 812 116
495 1392 1
495 720 69
495 919 6
496 991 157
496 556 1
496 596 152
497 1788 146
497 1886 10
497 1581 41
497 1866 141
498 719 54
498 1540 208
498 1966 1
498 1047 46
499 1960 36
499 1403 12
499 1768 81
499 1792 1
500 593 31
500 1013 1
500 830 1
501 558 111
501 567 139
501 637 66
501 707 39
501 917 67
501 1772 55
501 671 1
501 1562 30
502 862 5
502 1227 27
502 518 60
503 1127 119
503 1856 153
503 1079 127
503 853 16
503 1918 53
504 909 1
504 947 9
504 1743 43
504 1465 1
504 1298 38
505 739 16
505 1369 93
505 1481 118
505 1607 26
505 1671 62
505 1122 74
505 1966 1
505 1474 1
505 1183 1
505 1942 68
505 636 39
505 1542 43
505 645 33
506 589 105
506 1235 16
506 1411 66
506 765 25
506 606 65
506 1843 66
507 509 86
507 590 135
507 1811 58
507 523 55
507 945 1
508 807 121
508 775 1
508 1566 1
508 832 1
508 1223 1
508 934 38
508 1548 62
509 642 50
509 1438 68
509 1750 45
509 1121 1
509 1269 25
509 1240 88
509 995 1
509 785 85
509 1730 138
510 1543 25
510 1763 48
510 654 1
510 1922 4
510 1238 89
511 641 45
511 1639 17
511 1775 1
511 1123 31
511 945 3
511 1039 43
512 1003 47
512 1366 40
512 1822 81
513 1088 114
513 1273 34
513 1019 1
513 795 22
514 1096 45
514 1660 20
514 1004 117
515 718 105
515 655 71
515 1489 71
515 1068 119
516 695 45
516 1613 96
517 656 21
517 1180 80
517 812 64
517 1721 25
517 1625 80
517 614 142
517 1640 74
517 1246 167
518 1367 1
518 571 197
518 1111 36
518 1628 41
519 777 174
519 1240 60
519 1303 76
519 761 1
519 808 135
519 1456 129
519 1153 1
520 796 94
520 1822 52
520 825 1
521 712 44
521 1837 1
521 677 171
521 622 1
522 1870 1
523 598 58
523 787 88
523 1196 65
523 1209 73
523 995 85
523 1151 12
524 629 48
524 793 53
524 1443 24
524 1784 11
524 1836 68
525 1450 135
525 1909 4
526 555 60
526 824 98
526 1502 2
526 698 59
526 1881 76
526 1464 71
527 1059 21
527 1524 38
527 1981 69
528 1012 32
528 1180 17
528 1188 119
528 1452 1
528 957 75
528 1389 116
528 1229 115
528 604 47
528 580 1
528 1543 24
528 1722 90
529 594 53
529 1628 15
529 695 60
529 892 55
529 1277 1
529 785 91
530 1054 8
530 1132 10
530 1196 77
531 762 23
531 849 1
531 933 1
531 1684 1
531 1150 60
531 813 1
531 1205 148
531 1247 1
531 775 88
532 1765 18
533 534 1
533 880 1
533 1306 30
533 976 1
533 909 15
534 1762 31
534 1865 102
534 1514 1
534 1121 9
534 1593 56
535 1851 119
535 1916 14
535 1992 47
536 1308 111
536 726 64
536 1620 43
536 1564 85
536 1869 71
536 1261 87
537 566 75
537 922 57
537 1013 60
537 1636 1
538 982 113
538 1438 110
538 868 52
539 776 69
539 1265 1
539 770 23
539 991 85
540 1397 44
540 1245 32
540 1235 88
540 1056 30
541 763 38
541 765 56
541 1762 1
541 1261 22
542 1869 65
543 1301 31
543 1553 1
543 730 1
544 1283 50
544 1174 72
544 1296 34
544 966 95
544 1065 100
545 801 1
545 916 18
545 1702 36
545 1779 1
545 580 48
545 919 1
545 1429 53
546 679 81
546 979 56
546 896 83
546 662 1
546 1901 1
546 1146 31
547 600 79
547 1870 137
547 1617 9
547 1434 63
547 711 85
547 1044 202
547 1876 1
547 735 44
548 990 54
549 781 36
549 1478 49
549 1920 1
549 1961 42
549 892 103
549 1965 32
550 628 53
550 1288 64
550 594 73
550 1968 92
551 1707 117
551 1837 143
551 1970 4
551 1558 79
551 639 108
551 1015 1
551 1822 1
552 1066 20
552 1362 77
552 1936 104
553 596 130
553 940 45
553 1676 102
553 1572 59
553 760 56
554 987 83
554 1925 80
555 1070 121
555 1753 1
555 1662 49
555 995 115
555 1876 7
556 699 30
556 1165 24
556 862 14
556 1951 59
557 1131 1
557 1223 1
557 1240 22
557 1602 86
557 946 131
557 1458 1
558 587 115
558 624 65
558 1623 64
558 1067 5
558 1905 52
558 1312 1
558 1626 1
558 1796 48
559 852 1
559 1247 49
559 935 1
559 1027 1
560 893 54
560 1208 15
560 765 41
560 1510 8
561 746 76
561 999 1
561 1219 93
561 1998 77
562 1006 39
562 1685 1
563 1336 53
563 1359 24
563 1537 87
563 1174 71
563 1823 90
563 1482 84
564 1661 34
565 820 44
565 1398 56
565 889 50
566 1180 89
566 1145 28
566 815 75
566 1437 83
567 1599 1
567 985 87
568 968 1
568 1338 135
568 632 1
569 1127 110
569 1106 57
569 1538 46
569 877 26
569 1748 1
570 1556 24
570 1564 41
570 903 1
570 1833 155
570 689 101
571 706 6
571 1601 99
571 1351 85
572 989 140
572 633 1
572 1887 88
572 1293 107
573 700 59
573 988 66
573 780 1
574 1184 60
574 1434 28
574 1978 18
574 1012 30
574 1502 79
574 1001 48
574 1728 62
575 1331 159
575 1765 54
575 1837 106
576 1991 95
576 1054 122
576 635 118
576 1806 32
576 1078 161
577 1269 3
577 1914 26
577 1338 88
577 1287 66
578 1517 45
578 1739 65
579 1328 52
579 1737 134
579 639 97
580 670 16
580 978 43
580 1062 94
580 1093 14
580 1617 84
580 1172 21
580 1391 74
580 1766 66
580 1745 78
580 1026 67
580 1338 9
581 685 56
581 1216 56
581 1500 34
581 1654 49
581 789 1
582 697 54
582 1879 147
582 733 1
582 1030 30
582 1725 1
583 1158 144
583 1415 1
583 1815 48
583 1185 59
584 857 1
584 1332 1
584 939 1
584 1777 43
584 1328 1
584 1099 46
584 1097 55
584 710 79
585 1558 29
585 1920 48
585 1283 16
586 1733 11
587 698 16
587 644 132
587 1375 57
587 634 99
588 1352 117
589 617 27
589 618 136
589 1785 102
589 754 83
590 1353 27
590 1058 16
590 857 25
591 1497 107
591 1011 113
591 1782 64
592 853 3
592 1220 49
593 1155 34
594 1611 73
594 1698 50
595 1112 52
596 1410 122
596 1826 44
596 1378 33
596 907 7
596 1402 53
596 1381 72
596 1908 23
597 761 1
597 1279 34
598 636 65
599 1523 71
599 1769 56
599 864 1
599 1088 94
599 781 1
600 1838 94
600 1523 3
601 912 1
601 821 69
602 1411 1
602 1718 76
602 1685 1
602 699 248
602 1897 1
602 1119 77
603 671 43
604 630 61
604 716 56
604 1308 72
604 1358 43
605 704 1
605 943 37
605 1651 1
605 1228 77
605 1907 1
605 1561 40
605 719 72
606 817 27
606 1030 45
606 932 78
607 870 35
607 1643 45
607 1399 1
607 1618 93
608 1302 122
608 1323 1
608 1458 6
609 925 1
609 1038 1
609 824 2
609 1066 43
610 733 100
610 810 89
610 837 11
610 1010 21
610 760 1
610 1180 98
610 1366 146
610 1126 58
611 745 1
611 1533 72
611 1726 107
612 1597 52
612 820 122
612 1550 56
613 1045 22
613 744 32
613 1400 144
613 783 1
613 1040 7
613 1122 101
613 1983 67
614 936 1
614 1621 1
615 841 98
615 1550 96
616 1922 63
616 1261 51
616 1731 32
616 714 1
616 665 75
616 659 95
616 980 23
617 1665 25
617 1238 75
617 1543 36
617 1686 12
617 1449 19
617 1208 59
617 1832 1
617 1612 76
618 1028 85
618 1338 42
618 1488 17
618 1936 20
618 1640 122
618 731 19
618 989 1
618 1284 35
619 1817 46
619 1854 97
619 835 22
620 695 1
620 1305 1
620 777 91
621 1762 129
621 1184 113
621 1143 105
621 1984 144
621 1114 27
622 1121 72
622 1182 1
622 826 113
622 1227 98
623 1063 44
623 652 1
623 1564 17
623 1734 106
624 1063 35
624 1708 1
624 1023 84
624 1751 30
625 1070 75
625 948 47
626 1219 111
626 651 1
626 896 111
627 1229 1
627 1174 147
627 874 68
627 891 20
627 1420 1
627 1138 1
628 792 1
628 1903 64
628 1192 44
628 795 65
628 1523 54
628 758 121
628 1901 66
629 714 1
629 913 100
629 1268 1
629 1908 1
629 918 38
629 1417 5
630 634 24
630 1221 197
630 1138 1
630 717 89
631 1263 37
631 1313 36
631 1830 53
631 839 1
632 1561 66
632 1175 42
633 889 3
633 1707 96
634 843 143
634 1882 1
635 1607 70
635 1648 1
636 1177 1
636 1916 56
636 1576 48
636 943 92
637 1714 83
637 1732 1
637 1519 1
637 1416 4
638 1893 95
638 1493 46
638 1392 21
638 1525 105
638 1382 45
639 1113 56
639 1407 1
639 1797 67
640 1039 56
640 1628 9
640 962 1
641 1816 145
641 906 28
642 1296 9
642 1809 83
642 678 54
642 929 87
642 1505 14
643 1958 223
643 1296 85
643 1944 59
643 826 62
643 1552 78
644 1097 11
644 1864 1
644 791 109
644 1638 1
645 798 75
645 1624 133
645 1675 122
645 1471 117
646 823 30
646 768 21
646 1072 156
646 1278 34
647 1681 1
647 790 1
648 1582 111
648 1688 47
648 1656 84
648 810 25
648 867 18
649 1266 46
649 1217 74
649 1738 81
649 1563 111
649 1546 79
650 1422 65
650 1454 52
650 1184 95
650 1797 48
650 872 53
651 1652 70
652 1250 57
652 1393 29
653 1796 68
653 728 96
653 1834 216
653 1576 104
653 1497 132
654 1629 50
654 1943 64
654 724 54
654 1523 44
654 1480 21
655 966 27
656 705 1
656 1010 66
656 1384 1
656 1944 30
656 672 1
656 1720 54
656 1233 105
657 1787 39
659 1380 71
659 1776 1
659 1835 1
659 1319 82
659 676 26
659 1691 131
659 1329 19
660 1026 28
660 1044 24
660 1218 40
660 1504 36
660 1011 1
661 1571 60
661 1841 36
661 1329 70
661 940 90
662 1309 39
662 1100 1
662 1188 60
663 1471 48
663 1060 8
663 1314 197
663 1489 22
663 1191 78
664 821 1
664 832 88
664 831 28
665 667 1
665 1672 9
665 1726 107
665 1018 44
665 1161 158
666 1873 30
667 846 136
667 1043 74
667 1475 142
667 754 74
667 1744 99
667 862 91
668 891 114
668 1666 1
668 1939 99
668 1104 67
668 1271 9
668 1233 36
669 854 50
669 1700 23
669 756 3
670 973 66
670 942 1
670 1064 13
670 872 1
671 956 106
671 1021 96
671 1102 106
671 1240 47
671 899 43
671 1927 9
672 1142 87
672 1391 1
672 1678 77
672 1423 87
672 1953 73
672 1795 65
672 730 44
673 1367 91
673 1491 51
673 1417 19
674 1146 44
674 1803 1
675 815 90
675 875 27
676 1673 74
676 1082 115
677 1829 46
677 1901 119
677 1632 85
677 733 88
677 910 66
678 1157 72
678 1285 1
678 1590 88
678 876 76
678 1170 89
678 1576 120
678 1074 26
679 1482 6
679 1656 1
680 748 62
680 983 18
680 1811 103
681 744 59
681 840 63
681 1010 55
681 1270 47
681 1024 50
681 1089 97
682 1935 3
682 1001 15
682 1627 1
682 1678 81
683 1422 28
684 766 77
684 1210 1
684 1544 62
684 1426 78
685 1446 113
685 1676 37
685 1954 56
685 1208 31
685 1124 61
686 1393 8
686 1962 13
686 1120 77
686 872 1
686 1617 123
687 1125 91
687 709 104
687 1637 15
687 1883 2
687 908 135
688 1351 1
688 1607 70
688 1345 1
688 1515 93
688 1300 99
689 1733 1
689 954 1
689 1714 64
690 804 20
690 1083 77
690 1286 63
690 809 94
690 1102 12
691 988 99
691 1606 42
692 791 28
692 858 43
692 1899 34
692 1068 25
692 1074 62
693 1182 9
693 1880 48
693 1436 80
693 1169 101
693 1484 95
694 1069 1
695 1037 120
695 1231 1
695 902 1
695 1328 84
695 1590 89
695 1524 36
696 1234 14
696 1975 68
697 859 96
698 975 42
698 1677 97
698 1291 48
699 1086 73
699 1171 11
699 1100 33
699 1151 122
699 1207 75
699 1943 104
700 726 78
700 953 40
700 1954 77
701 850 18
701 1203 73
701 1619 1
702 855 54
702 1507 37
702 1865 75
702 1710 1
702 1771 148
703 1421 31
703 1952 73
703 1187 72
705 848 30
705 1170 41
705 1169 7
705 1058 1
705 961 61
705 1026 13
706 869 51
706 1459 51
707 1433 141
707 1779 35
708 1712 1
709 934 140
709 1092 63
709 1982 92
709 746 61
709 735 38
709 1338 4
709 1638 81
709 1765 99
709 794 60
710 764 32
710 811 33
710 1457 52
711 760 1
711 1054 87
711 1598 80
711 1604 85
712 816 1
712 1925 2
712 1288 71
712 1367 1
712 1457 56
713 927 35
713 1476 90
713 1457 5
713 1977 24
713 1700 67
714 797 5
714 1926 71
714 721 34
715 730 151
716 1670 40
717 882 22
717 1006 46
717 1679 99
717 1174 109
717 1290 42
717 1189 23
718 1065 1
718 1174 1
718 1399 62
718 1407 1
719 932 74
719 1409 109
719 1084 125
720 1428 82
720 1897 55
721 1049 19
721 1105 57
721 1502 65
722 825 121
722 1227 101
722 1244 80
722 838 50
723 1295 4
723 1638 50
723 868 156
723 1137 37
724 767 100
724 1071 1
724 1455 96
724 1922 68
724 1458 45
724 1269 1
724 1219 25
725 873 126
725 796 96
725 903 53
726 1143 104
727 862 1
727 1681 1
728 1794 63
728 1681 139
730 1780 58
730 1954 94
730 878 14
730 1903 56
730 1807 89
731 1409 36
733 798 174
733 1977 23
733 1470 90
733 1814 104
734 1299 1
734 1070 97
734 1558 58
734 1845 142
734 1281 1
734 1897 47
734 757 1
735 1964 94
735 1632 76
736 1179 11
736 1705 108
736 1744 33
736 744 138
737 1223 77
737 1110 57
737 1836 1
737 1485 89
737 1710 9
737 964 106
737 1164 27
738 888 1
739 756 1
739 946 48
739 814 26
739 863 19
740 842 45
740 1704 44
740 1882 16
740 807 72
741 1558 37
741 1497 98
741 1773 67
741 822 1
742 1050 33
742 1052 21
742 1124 57
742 1746 59
743 1333 75
743 1470 5
743 948 52
744 1448 1
744 1985 83
744 1718 49
744 869 19
745 1033 1
745 1505 26
746 894 50
746 1799 17
746 1751 6
746 1106 103
747 1545 63
747 917 143
747 1586 70
747 1809 43
748 1341 63
748 1839 42
748 1301 74
748 1939 76
748 1238 4
749 1453 114
749 1008 1
749 1366 28
750 1132 118
750 1400 63
751 847 157
752 915 42
752 1068 95
752 1573 50
752 1378 124
752 1523 20
753 1157 92
753 1823 1
754 1635 101
754 1456 47
755 1337 75
755 1915 104
755 937 102
756 1878 112
756 1873 134
756 859 57
757 1989 16
758 1683 81
758 1614 38
758 1317 30
758 1138 46
758 1719 32
758 1269 1
759 996 1
759 1872 1
760 815 136
760 1668 106
760 1786 1
761 1214 80
761 1470 86
762 1541 93
762 1115 22
762 1272 81
764 1750 62
764 1658 54
764 1257 1
765 867 108
765 1183 71
765 1970 33
765 843 121
766 1998 103
766 776 50
766 1265 45
766 930 56
767 1847 95
767 1791 11
767 871 1
767 1949 97
767 1609 102
767 1702 1
768 1225 7
768 898 21
769 775 1
769 949 1
769 1687 29
769 1356 38
769 1560 88
770 1264 1
770 1613 5
770 984 26
771 1143 38
771 1852 80
771 1175 49
771 1355 119
772 1030 81
772 1349 67
773 826 83
773 1580 110
773 1680 1
773 1858 108
773 1986 90
773 1321 36
773 927 63
773 1539 1
774 1444 34
774 1097 1
774 902 18
774 1816 115
775 1563 67
775 1275 88
775 1521 108
776 911 55
776 1176 55
776 1218 50
776 1235 20
777 1249 97
777 779 112
778 1955 116
778 1585 17
779 1193 118
779 806 68
779 1481 1
780 983 16
780 1914 97
780 1680 116
780 1673 71
781 1850 1
781 1628 50
781 941 1
781 1403 44
781 789 5
782 1459 91
782 797 74
782 1904 1
782 1305 39
782 1980 1
782 1389 59
783 1403 92
783 1850 65
783 1178 29
784 907 35
784 1289 75
784 1907 1
784 1133 15
785 901 40
785 1155 32
785 1611 156
785 1304 134
786 1122 1
786 1298 35
786 952 48
786 1968 1
786 1908 65
787 798 1
787 1752 1
788 1036 65
788 1151 63
789 1324 92
789 855 51
789 993 101
789 901 79
789 1913 75
789 1255 61
789 1125 35
790 796 131
790 919 5
790 1860 1
790 1876 120
790 1264 118
790 1413 56
790 1186 50
791 1724 104
791 1615 90
791 1331 120
791 1797 54
791 1379 13
791 1765 22
791 1697 64
792 1721 10
792 1204 91
792 1314 51
793 1448 1
793 1646 2
794 886 83
794 1857 22
794 1437 11
795 1554 85
795 1868 65
796 1801 38
796 1053 1
797 1621 151
797 1836 38
797 1887 42
798 884 1
798 1293 25
798 879 113
798 871 1
799 1258 61
799 955 85
799 1015 6
800 1267 84
800 893 92
800 1349 79
801 991 35
801 1211 100
801 871 1
802 1743 56
802 1872 1
802 1227 86
803 1100 52
803 931 108
804 1583 35
804 1509 95
805 1154 82
805 1714 45
805 1904 128
806 1503 81
806 953 1
806 1180 125
807 1198 45
807 1801 81
807 913 148
807 1336 110
807 1105 15
808 1855 92
808 1584 159
808 871 34
808 1328 1
809 976 84
809 1100 40
809 1137 106
809 1487 47
809 1596 136
809 1628 73
809 1899 26
809 1466 23
809 960 78
810 1176 1
810 1232 21
810 1857 46
811 1275 128
811 1956 54
811 872 60
811 1409 121
811 1088 68
811 1758 116
812 1519 113
812 1130 52
813 913 5
814 1945 122
815 933 67
815 1982 1
815 1438 75
816 1318 57
816 1581 102
816 1321 96
816 902 1
816 1137 37
817 1956 7
817 1042 1
817 1288 35
818 908 106
819 1120 67
819 1698 103
820 863 159
820 906 43
820 1424 91
820 988 175
820 1614 33
820 898 1
821 993 49
821 1999 43
822 1562 83
822 1175 110
823 996 134
823 1109 98
823 1715 159
823 1872 26
823 850 20
823 1572 10
824 865 42
824 1557 1
824 1553 55
824 1277 11
825 1475 32
825 1720 130
825 870 106
825 1834 97
825 1276 71
825 1871 42
826 1135 53
827 1918 28
827 1138 107
827 1018 8
827 1943 71
828 1693 38
828 1266 11
828 1234 100
829 1900 133
829 1994 29
829 1498 7
829 1597 1
830 859 3
831 1844 86
832 1255 70
832 1132 129
832 863 16
833 994 95
833 1889 18
833 1616 102
833 1929 99
834 1351 114
834 1785 87
835 1479 8
835 865 81
835 1353 62
836 908 101
836 1076 1
837 1661 117
837 1242 28
837 1291 59
838 1731 61
838 1735 48
838 1724 147
839 1258 1
839 892 103
839 1477 107
839 1589 1
840 1911 53
840 1589 1
840 1062 1
841 1228 82
841 1460 85
841 1708 14
841 1778 46
841 1454 30
842 1134 1
842 1734 64
842 1224 31
843 1963 46
843 1389 72
844 1619 2
844 1702 36
844 1635 175
845 920 106
845 1977 10
846 1274 109
846 1729 72
846 1499 1
846 1810 62
846 981 33
847 1505 48
847 1509 56
847 1710 46
847 1942 104
848 1493 106
848 994 14
848 1289 1
849 980 53
849 1817 24
849 1323 46
849 901 120
850 903 105
850 1426 21
850 1160 74
851 1868 32
851 1617 41
851 1302 14
851 1581 37
851 1521 128
851 1546 68
852 1006 93
853 1097 81
853 1947 48
853 1535 149
854 1334 115
854 1730 27
854 1751 131
854 1358 71
855 1508 81
855 1982 127
856 1290 1
856 1226 126
856 1618 40
857 1537 106
858 1689 108
858 1691 37
858 1997 64
858 954 37
858 1873 73
858 991 143
858 921 115
859 1246 48
859 1990 62
859 1752 67
859 1216 20
860 1304 104
860 1537 182
860 1710 56
860 1809 75
861 1860 73
862 1642 1
862 1858 1
862 1151 1
863 1524 99
863 997 1
864 926 1
864 1115 80
864 1992 1
864 1457 14
864 927 68
865 942 20
865 1567 30
865 1717 80
866 1271 106
866 1379 10
867 902 86
867 1135 106
867 1441 45
867 1387 62
867 1840 32
868 1653 63
868 1206 46
868 955 37
868 1332 58
868 1763 1
868 1210 1
868 1026 51
869 966 38
869 1048 1
869 1466 63
869 1687 17
869 1093 3
870 1646 15
871 1249 55
871 1758 159
872 879 88
872 1397 62
872 1234 1
872 945 80
873 1217 65
873 999 71
873 1804 1
874 972 76
874 1874 87
874 1101 80
875 1352 99
876 1078 59
876 1192 30
876 1755 80
877 985 57
877 1866 117
877 1528 174
877 1775 3
877 1230 16
877 1275 1
878 1267 1
878 1313 46
878 1441 42
878 1614 1
879 905 20
879 1970 22
879 1617 1
879 1691 22
880 1883 26
880 1132 138
880 906 37
880 1039 23
882 1254 12
882 1021 73
882 883 41
882 1751 140
883 935 54
883 1697 47
884 1862 77
884 1643 1
885 1048 24
885 898 83
886 1682 1
886 1098 72
886 1795 122
886 1669 1
886 1316 35
886 1928 51
887 1686 112
887 1356 89
887 1505 93
887 1419 46
888 1605 1
888 1647 62
888 1192 77
888 1272 1
889 1612 37
889 1393 89
889 1148 108
889 1185 91
890 1524 34
890 1201 133
890 1388 81
891 1528 107
891 1989 86
892 1251 23
892 1851 43
892 1204 20
892 1274 100
892 1499 122
893 1055 1
894 1167 35
894 1789 1
895 1224 57
895 1668 50
895 1872 44
895 1225 1
896 1354 45
896 941 143
896 1190 27
897 1421 68
897 926 51
898 1328 29
898 1179 1
899 1095 43
899 1492 117
899 1476 90
899 1122 1
900 1035 78
900 1432 68
900 1367 33
901 938 27
901 959 2
901 1233 95
901 923 1
902 951 73
902 1935 17
903 1739 1
903 1482 82
903 1386 22
904 1200 12
904 1339 49
904 1417 1
904 1394 94
905 1798 86
905 1392 11
906 1008 72
906 1250 85
907 952 20
907 1817 53
907 1818 1
907 1303 56
907 1969 51
907 986 95
908 1376 1
908 1354 36
908 1850 1
908 1825 112
909 1307 26
909 953 70
909 1395 43
910 1066 99
910 1187 69
911 1095 30
911 1741 21
912 1027 1
913 930 1
913 1767 1
914 1398 53
914 1937 1
914 1916 88
914 1027 57
914 1209 114
914 1339 59
914 1622 89
914 1758 2
915 1992 30
915 1886 6
916 1013 1
916 1753 1
916 964 111
917 1965 1
917 1114 39
918 1601 1
920 1084 72
920 1181 142
920 1737 76
920 988 74
920 1650 89
921 1405 64
921 1573 77
921 975 64
921 1965 14
922 1131 49
923 1000 11
923 1501 29
923 1344 33
924 1256 1
924 1016 24
925 1047 65
925 1432 105
925 1984 3
926 1038 33
926 1564 1
926 1749 1
926 1888 65
926 1714 117
926 1750 3
927 1389 85
928 1520 124
928 1478 45
930 1973 50
930 1122 111
930 1302 1
930 1885 87
930 1574 124
931 1487 54
931 1697 78
931 1475 136
932 972 50
932 1397 148
932 1059 22
932 999 118
933 1166 80
933 1896 118
933 1438 78
933 1608 33
934 1602 3
934 1658 1
934 1634 81
935 1308 23
936 1138 83
936 1952 8
936 1559 78
936 970 1
937 1974 88
937 1453 108
938 1395 62
939 1192 1
939 1595 1
939 1773 78
939 1276 28
939 1130 1
939 1487 148
940 1283 94
940 1927 147
940 1997 11
940 1199 1
941 1692 102
941 1588 1
943 1794 63
944 1279 133
944 1909 107
945 1653 47
946 1783 8
946 1933 24
947 1130 130
947 1577 42
947 1075 88
947 1703 1
948 1961 52
949 995 105
949 1162 86
949 1966 3
950 1459 52
950 1740 1
951 1467 87
951 1398 61
951 1684 1
951 1308 136
952 1341 83
952 1494 30
953 1034 32
953 1710 50
953 1715 40
954 971 60
954 1632 1
954 1305 110
954 1526 9
954 1006 1
955 1716 18
955 1088 43
955 1140 83
956 1828 78
958 1501 25
958 1217 1
958 1849 97
959 1212 17
959 1300 65
959 1515 1
959 971 110
959 966 3
960 1584 76
960 1970 113
960 1942 25
960 1700 30
960 1050 155
960 1321 14
961 1014 44
961 1756 48
961 1790 42
961 988 56
961 992 109
962 1645 1
962 1588 47
963 1244 125
963 1066 19
963 1406 57
965 1103 1
965 1917 53
965 1555 111
965 1312 61
966 1803 1
967 1708 5
967 1853 54
968 1369 60
969 1937 65
970 1822 58
970 1967 83
970 1164 8
970 1228 1
971 1443 82
971 1400 51
973 1561 16
973 1180 138
973 1032 41
973 1626 113
974 1199 1
974 1392 68
974 1094 123
974 1135 72
975 1385 34
975 1899 8
975 1285 42
975 1522 19
976 1301 1
976 1986 1
976 1439 44
976 1597 1
976 1139 41
977 1107 85
977 1644 69
977 1524 58
978 1140 125
979 1625 22
979 2000 96
979 1431 80
979 1816 70
980 1902 92
980 1500 10
980 1915 7
980 1239 39
981 1554 54
981 1301 59
982 1161 86
982 1169 58
982 1144 71
983 1444 44
984 1000 1
985 1394 29
985 1367 11
985 1415 127
986 1859 157
988 1166 47
988 1385 91
989 1147 1
990 1068 42
990 1309 5
990 1172 23
990 1302 32
993 1058 41
993 1748 59
993 1486 53
993 1092 58
993 1974 17
994 1042 23
994 1154 13
995 1007 101
995 1595 65
996 1615 78
997 1118 111
997 1268 137
997 1326 1
997 1849 66
997 1332 1
997 1254 108
997 1582 37
998 1076 3
999 1603 7
1001 1355 4
1001 1469 82
1001 1933 88
1001 1983 1
1001 1145 28
1002 1031 65
1002 1771 80
1003 1472 48
1003 1020 83
1003 1164 62
1005 1128 29
1006 1402 36
1006 1657 32
1007 1258 36
1007 1320 27
1007 1200 6
1007 1246 98
1008 1562 19
1008 1446 1
1009 1322 51
1009 1722 27
1009 1775 31
1009 1219 26
1010 1072 101
1010 1409 173
1011 1499 81
1011 1345 55
1013 1325 93
1013 1713 124
1013 1055 105
1014 1726 87
1014 1560 79
1014 1176 135
1015 1248 30
1015 1520 85
1016 1723 76
1016 1787 1
1018 1078 3
1018 1293 64
1018 1957 87
1018 1951 76
1018 1655 1
1019 1306 5
1019 1298 61
1019 1799 99
1020 1539 82
1020 1498 1
1020 1254 55
1020 1406 127
1021 1942 84
1021 1025 94
1022 1426 10
1022 1720 72
1022 1669 101
1022 1470 78
1022 1204 134
1023 1834 1
1023 1267 103
1023 1236 25
1023 1725 130
1023 1440 1
1024 1381 1
1024 1815 21
1024 1145 1
1024 1516 23
1025 1594 59
1025 1915 88
1025 1871 92
1025 1169 30
1025 1802 235
1026 1342 21
1026 1587 47
1026 1349 97
1026 1911 20
1027 1883 1
1027 1666 36
1027 1818 39
1027 1056 6
1027 1736 9
1027 1819 85
1028 1956 1
1028 1472 73
1030 1385 126
1030 1824 149
1031 1368 121
1031 1701 135
1031 1103 1
1033 1589 12
1033 1944 26
1033 1882 1
1033 1360 1
1033 1830 72
1033 1404 111
1033 1510 17
1034 1144 39
1034 1588 5
1035 1075 32
1035 1824 6
1035 1642 30
1036 1245 105
1036 1770 57
1037 1061 106
1037 1773 138
1037 1503 116
1037 1305 139
1037 1898 53
1037 1711 58
1037 1993 143
1038 1116 84
1038 1404 3
1038 1592 115
1038 1585 14
1038 1700 48
1038 1145 17
1038 1122 1
1039 1667 29
1040 1964 1
1041 1340 144
1041 1086 46
1041 1838 77
1042 1067 131
1042 1335 20
1042 1103 17
1043 1440 100
1043 1289 53
1043 1101 1
1044 1063 1
1045 1606 73
1045 1812 69
1045 1286 10
1046 1877 72
1046 1239 76
1047 1189 78
1047 1881 1
1048 1117 1
1048 1437 156
1049 1618 41
1049 1963 24
1049 1123 44
1050 1585 74
1050 1921 64
1050 1421 1
1050 1319 1
1050 1614 104
1051 1461 33
1051 1750 87
1052 1211 203
1052 1549 40
1052 1057 146
1053 1201 34
1053 1830 21
1053 1495 66
1054 1797 52
1054 1413 60
1055 1303 86
1055 1483 100
1056 1513 17
1056 1852 1
1056 1292 148
1057 1516 52
1057 1287 30
1057 1206 66
1058 1315 99
1058 1841 24
1058 1376 96
1059 1281 59
1061 1521 1
1061 1877 1
1062 1477 82
1063 1577 1
1063 1787 1
1063 1702 8
1063 1625 109
1064 1480 1
1064 1088 56
1064 1653 74
1064 1604 1
1064 1390 5
1065 1923 12
1065 1811 1
1066 1711 44
1066 1093 48
1067 1829 1
1067 1786 83
1069 1778 126
1069 1552 104
1069 1406 58
1070 1864 33
1070 1498 32
1070 1247 82
1070 1805 95
1071 1535 127
1071 1569 25
1071 1746 1
1072 1559 1
1072 1261 1
1072 1946 13
1073 1126 127
1073 1546 79
1074 1197 97
1074 1753 92
1074 1924 1
1074 1373 63
1075 1508 1
1075 1870 90
1075 1637 78
1075 1514 1
1076 1528 44
1076 1734 8
1076 1810 127
1077 1613 1
1077 1536 20
1078 1416 44
1078 1570 42
1079 1185 13
1079 1146 60
1080 1386 132
1080 1644 92
1080 1887 38
1080 1947 58
1081 1230 119
1081 1661 61
1081 1273 100
1081 1690 70
1082 1314 9
1082 1223 94
1082 1177 53
1083 1108 34
1083 1449 8
1083 1568 1
1083 1708 117
1083 1873 113
1084 1949 86
1084 1512 38
1086 1543 18
1087 1747 37
1087 1910 70
1087 1673 1
1087 1327 1
1088 1175 51
1089 1253 1
1089 1419 71
1089 1985 23
1089 1717 78
1089 1960 125
1089 1593 1
1089 1119 49
1090 1994 82
1090 1907 1
1091 1269 1
1091 1497 79
1093 1178 13
1093 1344 11
1093 1142 2
1093 1574 68
1093 1283 12
1094 1775 70
1094 1389 90
1095 1704 32
1096 1416 51
1096 1635 109
1097 1442 1
1097 1661 56
1098 1891 108
1098 1551 51
1098 1188 1
1099 1506 72
1099 1179 73
1099 1476 1
1100 1311 137
1100 1749 66
1101 1560 1
1101 1567 40
1102 1161 56
1102 1612 64
1103 1860 44
1104 1879 46
1104 1464 43
1105 1390 102
1106 1117 2
1106 1273 14
1106 1858 66
1107 1159 81
1107 1371 119
1107 1488 75
1108 1160 24
1108 1809 67
1108 1710 1
1109 1874 30
1109 1202 1
1109 1737 86
1110 1595 1
1110 1490 45
1110 1313 33
1110 1369 76
1111 1677 8
1112 1477 79
1115 1774 121
1115 1967 21
1116 1588 68
1116 1746 35
1116 1898 1
1116 1480 1
1117 1676 125
1117 1729 1
1117 1323 39
1118 1994 33
1118 1700 63
1118 1244 101
1118 1346 65
1118 1430 1
1119 1647 30
1119 1656 27
1120 1273 1
1120 1833 34
1121 1132 40
1121 1557 62
1122 1888 35
1122 1725 1
1122 1863 119
1123 1164 90
1123 1772 87
1124 1454 69
1124 1228 39
1125 1200 87
1126 1139 12
1127 1699 1
1128 1435 1
1129 1911 116
1130 1985 65
1131 1312 39
1132 1940 66
1132 1277 24
1133 1541 1
1133 1478 67
1134 1975 1
1134 1922 1
1134 1963 89
1134 1512 86
1134 1606 1
1134 1875 42
1135 1591 181
1136 1805 114
1136 1532 100
1137 1187 103
1137 1615 1
1137 1646 5
1137 1366 84
1137 1158 22
1138 1350 1
1138 1604 61
1138 1927 59
1140 1347 25
1140 1495 1
1140 1973 75
1140 1213 1
1140 1251 1
1141 1374 113
1141 1994 20
1142 1287 1
1142 1985 38
1142 1562 74
1143 1654 15
1143 1637 91
1143 1739 58
1144 1285 18
1144 1423 91
1144 1171 98
1145 1380 107
1145 1383 11
1146 1951 1
1146 1803 87
1146 1482 1
1147 1299 30
1147 1463 35
1147 1683 47
1150 1802 1
1150 1745 1
1150 1555 5
1151 1413 62
1151 1986 50
1152 1297 1
1152 1427 114
1152 1542 56
1152 1484 37
1153 1872 16
1154 1317 6
1154 1627 4
1154 1369 97
1154 1350 9
1155 1420 11
1155 1502 61
1156 1861 53
1156 1348 1
1158 1307 25
1159 1927 1
1160 1320 55
1160 1310 1
1161 1500 112
1161 1233 42
1162 1833 27
1163 1332 32
1163 1238 35
1163 1955 166
1164 1267 51
1164 1383 1
1165 1734 133
1166 1743 82
1166 1599 135
1168 1916 127
1170 1253 63
1170 1906 1
1170 1414 86
1170 1416 75
1171 1885 69
1172 1418 99
1172 1337 35
1173 1570 1
1173 1361 80
1173 1864 164
1174 1562 33
1175 1235 112
1175 1709 1
1175 1454 7
1175 1789 147
1176 1197 65
1176 1933 70
1177 1488 32
1177 1633 37
1178 1243 26
1178 1756 57
1179 1902 77
1179 1683 30
1180 1671 82
1180 1957 1
1180 1725 59
1181 1200 104
1182 1319 1
1182 1808 18
1182 1528 9
1182 1404 35
1182 1849 56
1183 1377 134
1183 1500 32
1183 1207 58
1183 1654 16
1184 1194 1
1184 1205 1
1184 1593 8
1184 1525 69
1184 1995 122
1184 1381 123
1185 1413 69
1185 1579 45
1185 1590 46
1187 1971 12
1187 1925 19
1187 1709 55
1188 1724 1
1188 1708 95
1188 1705 82
1189 1958 64
1189 1812 73
1190 1805 140
1191 1517 1
1191 1298 17
1191 1445 85
1191 1876 44
1191 1685 1
1192 1242 1
1192 1570 42
1192 1650 35
1192 1479 19
1193 1509 55
1193 1454 30
1193 1934 15
1193 1444 13
1194 1423 1
1194 1324 41
1194 1924 100
1194 1858 2
1195 1658 37
1195 1978 94
1197 1238 92
1197 1888 111
1198 1872 1
1198 1216 118
1200 1601 1
1200 1892 23
1200 1360 1
1201 1406 83
1201 1424 120
1201 1327 30
1202 1296 25
1202 1610 79
1203 1472 45
1203 1579 26
1203 1688 130
1203 1994 31
1204 1287 64
1204 1357 1
1205 1239 113
1205 1489 1
1205 1273 102
1207 1677 70
1207 1772 22
1208 1603 1
1208 1376 149
1208 1593 82
1208 1264 1
1208 1476 117
1209 1938 106
1211 1963 86
1211 1744 41
1213 1249 124
1213 1899 16
1213 1762 40
1214 1702 121
1214 1759 152
1215 1640 81
1215 1413 30
1216 1788 6
1216 1564 77
1216 1568 64
1216 1756 71
1217 1829 25
1217 1272 93
1217 1814 68
1220 1969 54
1221 1244 97
1221 1515 46
1221 1900 17
1221 1346 74
1221 1436 4
1222 1600 31
1222 1396 31
1222 2000 38
1222 1371 101
1223 1239 111
1223 1814 41
1223 1735 40
1223 1375 128
1223 1723 32
1223 1898 35
1223 1535 43
1224 1725 91
1225 1584 1
1225 1901 1
1225 1377 133
1226 1306 39
1226 1790 108
1227 1940 30
1227 1343 40
1227 1375 78
1228 1261 165
1228 1794 63
1228 1247 169
1228 1594 70
1229 1447 61
1230 1282 58
1230 1797 76
1230 1553 43
1230 1528 38
1231 1670 87
1231 1568 134
1232 1340 97
1232 1797 129
1233 1743 103
1233 1868 69
1234 1518 1
1234 1831 53
1235 1634 124
1235 1741 106
1236 1514 195
1236 1536 68
1237 1957 119
1237 1496 93
1237 1778 1
1238 1377 178
1238 1402 1
1238 1572 55
1238 1255 1
1238 1888 5
1239 1373 99
1239 1634 47
1240 1456 1
1240 1548 32
1240 1601 1
1241 1967 1
1241 1634 47
1242 1840 60
1243 1649 57
1243 1352 13
1243 1548 40
1244 1556 172
1244 1284 76
1246 1430 103
1246 1295 4
1247 1856 8
1247 1775 102
1247 1506 1
1248 1398 1
1248 1884 98
1248 1306 50
1249 1475 183
1249 1267 34
1250 1965 68
1251 1904 138
1251 1832 82
1252 1811 1
1252 1836 1
1253 1534 38
1253 1588 131
1253 1884 38
1253 1263 141
1254 1787 56
1255 1829 121
1256 1485 120
1256 1669 64
1257 1445 7
1257 1474 95
1257 1866 17
1257 1753 15
1258 1522 154
1258 1769 79
1258 1655 17
1259 1709 31
1259 1871 1
1260 1630 67
1260 1783 2
1260 1505 85
1260 1380 99
1260 1451 80
1261 1420 47
1261 1763 7
1261 1966 9
1262 1375 50
1263 1274 98
1264 1435 4
1264 1411 69
1264 1659 33
1264 1481 109
1266 1529 1
1266 1789 7
1266 1545 131
1267 1978 46
1268 1888 80
1269 1563 66
1269 1740 13
1270 1652 66
1271 1769 58
1271 1416 39
1272 1383 52
1272 1724 59
1272 1642 137
1273 1660 130
1274 1609 14
1274 1558 1
1274 1917 45
1276 1464 76
1276 1740 1
1276 1617 67
1277 1552 48
1278 1848 113
1278 1809 18
1278 1420 13
1279 1911 1
1280 1931 1
1280 1603 40
1280 1948 70
1281 1819 182
1282 1381 33
1283 1886 36
1284 1451 106
1284 1342 96
1286 1992 97
1287 1544 121
1288 1296 68
1292 1843 172
1293 1506 76
1293 1508 1
1293 1996 23
1293 1810 108
1293 1763 126
1294 1878 5
1294 1901 31
1294 1974 102
1295 1621 13
1296 1327 102
1296 1521 1
1296 1764 1
1298 1893 34
1298 1615 60
1298 1786 64
1298 1499 19
1299 1614 131
1299 1449 62
1300 1512 97
1301 1650 1
1301 1683 1
1301 1976 47
1302 1756 56
1303 1396 40
1303 1379 72
1304 1622 84
1304 1458 125
1305 1948 105
1305 1317 51
1305 1821 153
1305 1666 65
1306 1863 124
1306 1453 135
1306 1491 78
1306 1325 1
1306 1310 9
1307 1635 13
1308 1727 46
1309 1539 4
1310 1349 1
1310 1380 1
1310 1573 1
1310 1672 50
1311 1862 36
1311 1490 118
1312 1366 105
1312 1653 81
1312 1955 20
1312 1627 1
1313 1938 72
1314 1573 73
1314 1384 88
1314 1512 22
1314 1404 152
1314 1627 1
1314 1667 1
1315 1316 35
1315 1570 14
1316 1329 35
1316 1787 96
1316 1605 108
1317 1980 61
1317 1639 30
1319 1431 89
1319 1573 1
1321 1850 48
1321 1817 89
1322 1976 24
1323 1800 104
1324 1794 47
1325 1622 60
1325 1374 52
1325 1851 65
1326 1856 8
1326 1360 7
1327 1763 120
1329 1842 20
1331 1633 58
1331 1371 57
1334 1435 112
1334 1630 114
1334 1416 7
1335 1991 1
1335 1386 24
1336 1754 56
1336 1983 69
1337 1405 62
1337 1434 61
1338 1576 28
1339 1754 5
1339 1583 40
1340 1429 29
1340 1496 42
1340 1967 1
1341 1548 18
1342 1505 125
1343 1697 46
1343 1910 9
1344 1365 130
1346 1987 65
1346 1833 64
1346 1527 18
1346 1786 1
1347 1969 13
1352 1620 26
1353 1745 99
1353 1913 45
1353 1748 9
1354 1929 16
1355 1551 47
1355 1392 66
1355 1705 24
1355 1864 27
1355 1411 1
1357 1694 97
1357 1521 28
1357 1452 113
1357 1426 60
1358 1377 58
1358 1662 1
1358 1899 43
1359 1560 53
1360 1382 1
1360 1515 83
1361 1667 92
1361 1636 1
1362 1455 97
1362 1624 90
1362 1807 82
1363 1907 46
1363 1396 60
1364 1470 117
1366 1388 29
1366 1574 44
1368 1505 1
1368 1935 42
1368 1499 85
1370 1705 52
1372 1456 78
1372 1652 26
1373 1976 92
1373 1792 34
1375 1387 1
1376 1485 41
1380 1763 60
1380 1809 131
1381 1956 1
1381 1803 1
1382 1663 9
1382 1594 58
1382 1889 68
1383 1661 58
1384 1459 111
1384 1777 44
1384 1396 86
1385 1454 21
1386 1906 139
1387 1573 1
1388 1511 27
1388 1788 110
1389 1693 67
1390 1903 113
1390 1805 119
1392 1430 22
1393 1563 26
1393 1998 111
1394 1825 137
1395 1554 93
1395 1917 65
1396 1848 61
1396 1825 35
1396 1582 108
1396 1683 70
1397 1486 105
1398 1913 1
1399 1429 135
1401 1706 85
1402 1741 114
1402 1645 37
1403 1954 1
1404 1691 1
1405 1659 31
1406 1777 59
1406 1574 42
1406 1852 94
1407 1685 41
1407 1728 88
1407 1561 183
1408 1951 44
1408 1696 1
1408 1564 15
1410 1456 67
1410 1764 1
1412 1679 51
1413 1591 111
1414 1547 2
1414 1698 21
1414 1543 69
1414 1550 88
1414 1852 21
1414 1577 106
1414 1751 25
1414 1973 35
1414 1604 1
1415 1605 41
1416 1589 1
1417 1754 39
1417 1654 67
1418 1884 48
1418 1427 52
1422 1867 45
1422 1513 1
1422 1877 72
1422 1797 20
1424 1818 1
1425 1728 91
1426 1794 1
1429 1472 60
1430 1555 1
1430 1472 143
1431 1896 49
1431 1570 110
1431 1994 88
1432 1715 8
1432 1994 118
1432 1743 57
1433 1808 64
1435 1627 7
1435 1897 32
1435 1879 1
1435 1655 8
1435 1568 55
1436 1818 58
1437 1990 56
1438 1707 52
1439 1636 26
1440 1531 31
1440 1892 1
1441 1749 71
1442 1832 42
1442 1504 85
1444 1448 41
1444 1742 105
1445 1824 67
1446 1918 46
1447 1971 66
1447 1564 1
1448 1780 42
1448 1491 99
1449 1591 179
1449 1607 79
1451 1965 1
1451 1834 84
1453 1888 75
1453 1862 51
1453 1697 92
1454 1964 95
1455 1861 1
1456 1989 1
1456 1822 32
1458 1826 83
1458 1944 160
1459 1664 15
1462 1681 42
1462 1639 23
1463 1878 8
1463 1783 67
1464 1830 62
1464 1518 73
1465 1755 68
1465 1702 20
1467 1845 87
1468 1937 85
1468 1709 68
1469 1903 70
1469 1812 103
1469 1558 132
1472 1603 83
1473 1525 1
1474 1477 80
1474 1552 121
1474 1984 42
1474 1938 1
1475 1631 55
1475 1831 27
1475 1990 22
1476 1892 95
1477 1991 67
1477 1776 170
1477 1632 189
1479 1608 96
1480 1668 19
1480 1966 65
1484 1674 1
1485 1659 91
1486 1716 92
1487 1627 1
1488 1547 5
1489 1688 108
1489 1598 78
1490 1677 5
1490 1535 45
1491 1634 83
1492 1655 59
1492 1769 9
1493 1984 27
1494 1539 1
1494 1732 1
1495 1861 45
1495 1896 124
1497 1829 1
1497 1667 1
1501 1627 9
1502 1556 61
1504 1539 17
1504 1543 43
1504 1857 26
1506 1761 129
1506 1626 40
1507 1922 54
1507 1511 1
1508 1857 39
1508 1806 72
1508 1950 47
1509 1769 126
1509 1814 56
1510 1757 149
1510 1704 95
1513 1898 96
1514 1827 101
1515 1914 39
1515 1893 94
1518 1729 14
1519 1801 18
1521 1719 46
1522 1849 130
1522 1982 66
1525 1770 38
1525 1686 1
1526 1531 36
1528 1933 1
1530 1565 38
1530 1676 1
1531 1854 79
1533 1913 106
1534 1586 75
1534 1592 86
1536 1714 8
1537 1685 2
1538 1992 32
1539 1820 56
1542 1661 1
1543 1742 125
1544 1556 35
1544 1964 11
1545 1667 1
1545 1597 64
1545 1733 116
1545 1957 4
1545 1593 7
1548 1652 1
1549 1662 133
1551 1803 31
1552 1794 1
1553 1608 1
1554 1996 74
1556 1738 113
1558 1788 3
1558 1960 73
1558 1585 145
1559 1867 110
1560 1790 1
1560 1904 52
1560 1643 86
1562 1655 41
1563 1771 17
1564 1745 1
1564 1718 179
1564 1698 90
1565 1853 3
1565 1800 128
1566 1862 1
1567 1979 127
1567 1753 65
1569 1993 137
1569 1829 57
1570 1601 85
1571 1887 1
1572 1733 1
1574 1994 1
1574 1910 73
1576 1980 1
1576 1841 167
1579 1791 61
1580 1672 1
1581 1905 56
1582 1849 24
1583 1771 1
1586 1880 84
1586 1973 49
1587 1768 35
1591 1608 78
1592 1644 117
1594 1998 75
1596 1872 57
1596 1758 88
1599 1784 18
1600 1859 28
1600 1829 1
1604 1744 1
1605 1814 44
1606 1987 46
1606 1672 65
1607 1679 75
1608 1825 108
1608 1695 1
1608 1936 66
1609 1882 19
1611 1933 2
1611 1826 86
1615 1951 1
1615 1785 95
1617 1910 80
1617 1913 42
1621 1649 1
1621 1804 50
1622 1888 71
1622 1842 1
1624 1766 54
1624 1646 96
1626 1705 27
1626 1918 29
1627 1767 1
1627 1976 24
1628 1652 1
1629 1722 9
1629 1968 13
1629 1709 115
1630 1631 48
1631 1864 89
1632 1665 32
1634 1750 103
1634 1635 114
1634 1831 1
1637 1854 63
1637 1835 1
1637 1994 37
1640 1789 132
1641 1695 22
1644 1949 77
1646 1929 1
1651 1680 107
1651 1728 64
1653 1689 121
1654 1963 84
1655 1764 1
1656 1846 79
1656 1659 56
1656 1842 116
1658 1828 131
1661 1692 14
1661 1999 81
1662 1720 50
1663 1959 97
1663 1694 52
1664 1792 1
1665 1853 59
1669 1768 69
1671 1760 138
1673 1953 152
1673 1894 1
1673 1944 50
1676 1831 40
1678 1968 36
1680 1730 77
1682 1934 40
1683 1740 99
1684 1693 2
1684 1837 47
1684 1832 70
1686 1850 84
1687 1973 99
1688 1880 19
1690 1859 111
1690 1778 73
1690 1713 44
1691 1775 1
1691 1952 171
1693 1879 1
1694 1873 14
1694 1948 1
1698 1712 114
1698 1941 8
1698 1740 63
1700 1996 50
1701 1963 103
1704 1798 69
1704 1811 111
1705 1883 91
1706 1803 44
1707 1719 37
1707 1776 18
1708 1792 86
1711 1758 29
1712 1974 1
1713 1797 89
1713 1857 57
1714 1758 10
1716 1872 25
1717 1926 127
1718 1948 69
1719 1849 1
1722 1875 133
1723 1856 80
1723 1739 134
1724 1756 1
1726 1993 13
1727 1806 48
1727 1941 38
1727 1763 5
1729 1792 9
1730 1735 10
1732 1894 1
1732 1770 19
1733 1890 1
1733 1994 25
1736 1981 101
1736 1797 132
1738 1804 1
1739 1883 82
1739 1813 78
1741 1958 110
1741 1998 95
1742 1786 38
1744 1968 115
1744 1836 45
1745 1767 65
1749 1932 1
1750 1864 38
1750 1828 111
1751 1835 100
1755 1962 1
1756 1872 89
1757 1807 48
1759 1830 100
1761 1839 1
1761 1900 1
1763 1986 56
1763 1989 1
1766 1777 96
1767 1943 25
1768 1915 1
1772 1870 87
1773 1860 113
1776 1809 109
1777 1972 1
1777 1874 1
1777 1999 34
1778 1874 43
1778 1916 102
1778 1826 119
1781 1952 98
1782 1882 29
1783 1822 27
1783 1910 1
1785 1847 19
1786 1906 1
1789 1886 96
1789 1859 139
1790 1804 64
1791 1855 44
1792 1797 1
1795 1952 73
1797 1879 75
1798 1911 127
1799 1967 19
1801 1950 50
1802 1840 27
1805 1855 41
1806 1810 1
1807 1903 6
1813 1973 1
1816 1827 1
1817 1818 46
1817 1938 66
1820 1959 127
1820 1913 86
1826 1859 56
1830 1845 53
1830 1969 1
1834 1884 3
1835 1924 87
1837 1893 87
1839 1873 74
1841 1894 31
1842 1900 31
1849 1900 69
1852 1999 34
1859 1945 51
1859 1896 43
1859 1996 58
1860 1910 42
1867 1889 15
1869 1928 87
1872 1889 6
1884 1891 77
1890 1927 50
1892 1924 34
1894 1968 66
1895 1991 1
1907 1942 102
1908 1961 76
1911 1913 169
1911 1934 92
1916 1984 62
1917 1931 1
1918 1919 53
1920 1992 25
1925 1968 140
1929 1947 1
1930 1997 34
1934 1974 49
1939 1988 1
1944 1996 112
1949 1956 3
1958 1988 94
1966 1989 17
