1 2 1
1 3 1
1 4 1
1 5 1
1 74 1
1 25 2
1 64 2
1 93 2
1 45 1
1 76 2
1 61 1
1 83 1
1 40 1
1 85 1
1 87 1
1 84 1
1 35 1
1 11 1
1 55 1
1 37 1
1 27 1
1 48 1
1 89 1
1 23 1
2 52 1
2 79 1
2 9 1
2 15 1
2 12 1
2 41 1
2 93 1
2 78 1
2 74 3
2 75 2
2 84 1
2 25 1
2 5 1
2 68 1
2 47 1
2 50 2
2 88 1
2 51 1
3 10 1
3 55 2
3 11 1
3 19 1
3 39 1
3 100 1
3 36 1
3 59 2
3 96 1
3 13 1
3 65 2
3 38 2
3 74 1
3 86 1
3 99 1
3 21 1
3 25 1
4 6 1
4 7 1
4 9 2
4 40 1
4 61 1
4 32 1
4 80 1
4 38 1
4 21 1
4 63 1
4 70 1
4 81 1
4 19 1
4 34 1
4 60 1
4 48 1
4 28 1
4 17 1
4 50 1
4 98 1
4 13 1
5 11 1
5 13 1
5 29 2
5 72 1
5 62 1
5 65 3
5 52 1
5 79 1
5 68 1
5 17 1
5 55 2
5 58 1
5 33 1
5 100 1
5 39 1
5 27 1
5 46 2
5 45 1
5 20 1
5 38 1
5 81 1
5 7 1
6 12 2
6 15 1
6 16 3
6 21 1
6 88 1
6 33 1
6 55 1
6 70 1
6 95 2
6 25 1
6 17 1
6 77 1
6 44 2
6 9 1
6 69 2
6 81 2
6 99 1
6 68 1
6 40 1
6 43 1
6 76 1
6 86 1
6 22 1
6 50 1
6 93 1
7 8 1
7 14 1
7 20 1
7 26 1
7 43 1
7 12 1
7 77 1
7 28 1
7 74 1
7 85 1
7 30 1
7 56 1
7 44 1
7 37 1
7 40 1
7 45 1
7 66 1
7 81 1
7 29 1
8 22 1
8 91 1
8 30 1
8 14 1
8 52 1
8 59 1
8 81 1
8 53 2
8 98 1
8 11 1
8 16 1
9 37 1
9 36 1
9 18 1
9 60 1
9 100 1
9 59 1
9 29 3
9 70 2
9 26 1
9 50 1
9 84 1
9 28 1
9 48 1
9 32 1
9 81 1
9 14 1
9 49 1
9 24 2
9 98 1
9 20 1
9 76 1
9 85 1
9 21 1
10 48 1
10 63 1
10 19 1
10 36 1
10 88 1
10 80 2
10 34 2
10 74 2
10 43 1
10 83 1
10 69 1
10 31 1
10 99 1
10 87 1
10 84 1
10 38 2
10 56 1
10 53 1
10 93 2
10 33 1
10 23 1
11 73 2
11 23 1
11 68 1
11 98 2
11 88 1
11 38 1
11 33 1
11 72 1
11 13 1
11 76 1
11 93 2
11 60 1
11 77 1
11 32 2
11 61 1
11 26 1
11 54 2
11 83 2
11 46 1
11 30 2
11 14 1
11 55 1
12 19 2
12 83 1
12 37 2
12 43 2
12 88 1
12 14 1
12 95 1
12 92 1
12 80 1
12 61 1
12 70 1
12 30 1
12 49 1
12 76 1
12 32 1
12 36 1
13 46 1
13 53 1
13 22 1
13 45 1
13 81 1
13 89 1
13 51 1
13 33 2
13 79 2
13 20 1
13 30 1
13 28 1
14 23 1
14 99 1
14 25 1
14 80 1
14 77 1
14 36 1
14 40 1
14 52 1
14 24 1
14 47 1
14 88 1
14 26 3
14 91 1
14 74 1
15 25 1
15 28 2
15 62 3
15 87 1
15 89 1
15 76 2
15 35 1
15 58 1
15 26 2
15 80 1
15 41 1
15 47 1
15 51 1
15 60 1
15 59 3
15 95 1
15 88 1
15 50 1
15 65 1
15 56 1
15 31 1
16 17 1
16 41 1
16 99 1
16 81 1
16 30 1
16 91 2
16 92 1
16 37 1
16 40 1
16 20 2
16 42 1
16 100 2
16 34 1
16 95 2
17 18 1
17 33 1
17 38 1
17 72 1
17 100 1
17 63 2
17 73 1
17 64 1
17 97 1
17 60 2
17 32 1
17 29 1
17 40 1
17 67 1
17 58 1
17 82 1
18 30 1
18 26 1
18 83 1
18 84 1
18 61 1
18 73 1
18 90 1
18 22 2
18 52 1
18 67 1
19 23 1
19 34 1
19 83 1
19 36 1
19 38 1
19 59 2
19 20 1
19 60 1
19 51 2
19 71 3
19 66 1
19 99 1
19 93 1
19 31 1
19 29 1
19 21 2
19 28 1
20 24 2
20 94 1
20 95 1
20 29 1
20 37 1
20 22 1
20 28 2
20 63 1
20 91 1
20 52 1
20 54 1
20 64 2
20 74 1
20 98 1
20 61 1
20 42 1
20 73 1
20 68 1
20 46 1
20 47 1
20 45 1
21 27 2
21 45 1
21 50 1
21 65 1
21 56 1
21 77 1
21 49 1
21 44 2
21 31 1
21 66 1
21 89 1
21 51 1
21 85 1
21 33 1
21 87 1
21 98 1
21 91 2
21 70 1
21 61 1
21 93 1
21 53 1
21 94 1
22 70 1
22 40 1
22 37 1
22 96 1
22 99 1
22 59 2
22 90 1
22 74 2
22 87 1
22 98 2
22 36 1
22 81 1
23 49 1
23 64 1
23 69 1
23 71 2
23 97 1
23 54 1
23 24 1
23 90 1
23 65 1
23 73 2
23 61 2
23 31 1
23 96 1
23 41 3
23 75 1
23 43 2
23 53 1
23 87 1
23 57 1
24 76 2
24 84 1
24 85 1
24 97 1
24 34 2
24 56 1
24 58 1
24 88 1
24 80 1
24 29 1
24 26 1
24 68 1
24 83 1
24 41 2
24 70 1
25 31 1
25 32 1
25 59 2
25 90 1
25 89 3
25 28 1
25 61 1
25 100 1
25 74 2
25 93 1
25 45 2
25 63 1
25 42 1
25 68 1
26 36 1
26 98 2
26 48 1
26 49 1
26 97 1
26 61 1
26 68 2
26 96 1
26 72 3
26 60 1
26 27 1
26 83 1
26 94 1
26 87 1
26 41 1
26 64 1
26 55 1
26 75 1
27 60 3
27 89 1
27 100 1
27 31 1
27 71 1
27 61 1
27 91 1
27 34 1
27 57 1
27 53 1
27 82 1
27 28 1
27 95 1
27 85 1
27 48 1
27 78 1
27 47 1
27 93 2
28 35 1
28 47 1
28 68 1
28 81 1
28 38 1
28 37 1
28 78 1
28 70 1
28 71 1
28 65 1
28 50 1
28 87 1
28 29 1
28 57 1
28 93 1
28 40 1
28 61 1
28 97 2
28 49 1
28 76 2
28 84 1
28 34 1
29 80 1
29 86 1
29 32 1
29 94 1
29 84 2
29 39 1
29 68 2
29 81 1
29 48 1
29 97 2
29 91 2
30 93 1
30 76 1
30 66 1
30 71 1
30 69 1
30 34 1
30 49 2
30 94 1
30 58 1
30 52 1
30 70 1
30 99 1
31 42 1
31 57 1
31 97 1
31 65 1
31 32 2
31 94 1
31 81 1
31 85 1
31 75 2
31 51 1
31 76 1
31 58 1
31 63 1
31 52 1
31 36 1
32 39 1
32 67 1
32 89 1
32 70 1
32 69 1
32 91 1
32 99 1
32 60 1
32 82 1
32 46 1
32 77 1
32 43 1
32 66 1
32 58 1
32 88 1
32 33 1
32 79 1
32 40 1
32 87 1
32 38 2
33 85 1
33 75 1
33 46 1
33 43 1
33 80 1
33 70 1
33 71 1
33 81 1
33 100 2
33 42 1
33 45 1
33 39 1
34 54 1
34 88 1
34 76 1
34 79 1
34 92 1
34 71 1
34 75 1
34 82 1
34 81 1
34 69 1
34 45 1
34 46 1
34 86 1
34 72 3
34 49 2
34 53 1
35 48 1
35 49 1
35 83 1
35 46 1
35 64 1
35 99 1
35 73 1
35 55 1
35 97 1
35 51 2
35 70 1
35 65 1
35 37 1
35 38 1
36 56 1
36 76 3
36 71 1
36 90 1
36 68 1
36 94 1
36 48 1
36 86 1
36 92 1
36 88 1
36 74 1
36 82 1
36 42 1
36 58 2
36 85 1
36 77 1
37 58 1
37 73 1
37 63 2
37 75 1
37 78 2
37 38 2
37 49 1
37 48 1
37 93 1
37 96 1
37 85 2
38 99 1
38 57 1
38 90 1
38 82 1
38 46 1
38 40 1
38 53 1
38 71 1
38 42 1
39 95 1
39 45 1
39 79 1
39 86 2
39 61 2
39 53 1
39 76 1
39 97 2
39 73 1
39 94 1
39 56 1
40 51 1
40 48 1
40 87 3
40 57 1
40 95 1
40 50 1
40 97 1
40 96 1
40 65 1
40 60 1
40 52 1
40 83 1
40 84 1
40 78 1
40 91 1
41 44 1
41 95 1
41 68 1
41 69 1
41 84 1
41 98 1
41 96 1
41 54 1
41 85 1
41 100 1
41 48 2
41 58 1
41 73 1
41 89 1
41 77 1
41 88 1
42 62 1
42 82 1
42 52 1
42 81 1
42 72 1
42 84 1
42 100 1
42 88 1
42 60 1
43 91 1
43 52 1
43 78 1
43 69 1
43 72 1
43 92 1
43 58 3
43 48 1
44 61 1
44 72 1
44 73 1
44 45 1
44 58 2
44 89 2
44 87 1
44 93 1
44 60 1
44 68 1
45 69 1
45 93 1
45 90 1
45 80 1
45 97 1
45 92 1
45 77 1
45 54 1
46 99 1
46 82 2
46 77 1
46 97 1
46 70 1
46 91 1
46 60 2
47 94 1
47 90 1
47 75 1
47 62 1
47 58 1
48 90 1
48 49 1
48 53 1
48 94 1
48 81 1
48 54 2
48 97 1
48 79 1
48 100 1
48 84 1
48 56 1
48 57 1
49 83 1
49 99 1
49 90 1
49 52 1
49 67 2
49 56 2
49 76 1
49 98 1
49 51 1
50 51 1
50 80 1
50 61 1
50 52 1
50 83 1
50 70 1
50 87 1
50 53 1
50 64 1
50 73 1
50 69 1
50 100 1
50 97 1
51 55 1
51 69 4
51 60 1
51 97 1
51 64 2
51 54 1
51 62 1
51 71 1
51 89 1
51 92 1
51 95 1
51 65 1
52 91 1
52 55 1
52 98 1
52 88 1
52 70 1
52 100 1
52 64 1
52 60 1
53 65 1
53 83 1
53 66 1
53 67 2
53 88 1
53 100 1
53 61 1
53 58 1
53 99 1
54 57 1
54 71 1
54 72 1
54 61 1
54 60 1
54 62 1
55 76 1
55 84 2
55 70 1
55 92 1
55 97 1
55 94 1
55 99 1
55 79 1
55 85 1
56 66 1
56 74 1
56 82 1
56 95 1
56 98 1
56 86 2
56 79 1
56 90 1
56 94 1
57 93 1
57 83 1
57 66 1
57 95 1
57 80 1
57 78 1
57 81 1
57 90 2
57 64 1
58 68 1
58 60 1
58 75 1
58 65 1
58 95 1
59 88 1
59 70 2
59 99 1
59 72 1
59 64 1
59 71 1
59 81 1
59 87 2
60 77 1
60 72 2
60 76 1
60 67 1
60 85 1
60 74 1
60 63 1
60 66 1
61 70 1
61 100 1
61 62 2
61 76 1
61 81 1
61 90 1
61 80 1
61 64 1
62 85 1
62 64 1
62 78 1
62 94 1
62 87 1
62 84 1
62 70 1
62 73 1
62 89 1
63 100 1
63 70 1
63 71 1
63 88 2
63 96 1
63 76 1
63 67 1
63 79 1
63 85 2
63 98 2
64 95 1
64 69 1
64 67 1
64 87 1
64 81 3
64 73 1
64 65 1
65 68 1
65 95 1
65 80 3
65 66 1
65 94 1
65 91 2
65 87 1
65 74 2
65 84 1
65 99 1
66 75 1
66 82 1
66 96 1
66 85 1
66 67 1
66 77 1
66 68 2
66 100 1
67 90 2
67 71 1
67 83 2
67 72 1
67 93 1
67 94 1
67 95 1
68 96 2
68 86 1
68 76 1
68 97 1
69 100 1
69 98 1
69 99 1
69 87 2
69 82 2
69 88 1
70 77 1
70 97 2
70 74 1
70 84 1
71 94 1
71 97 1
71 95 1
71 92 1
71 90 1
72 79 1
72 76 1
72 91 1
72 85 1
72 73 1
72 93 1
73 78 1
73 95 1
73 74 1
73 98 1
73 100 1
74 97 1
74 98 1
74 86 1
74 83 1
74 100 1
75 97 1
75 80 2
75 83 2
75 94 1
76 83 2
76 84 1
76 86 1
76 87 2
77 96 1
77 84 1
77 98 1
77 83 1
78 98 1
78 83 1
78 88 1
78 100 1
79 84 2
79 89 1
79 94 1
79 82 1
79 81 2
80 92 1
80 81 1
80 86 1
80 90 1
80 89 1
80 100 1
80 91 1
81 93 1
81 95 1
82 98 1
82 91 2
83 87 1
83 100 1
83 93 1
83 91 1
83 90 1
83 99 1
84 86 1
84 85 1
84 100 1
85 91 1
87 88 1
87 100 1
88 91 2
88 90 1
89 100 1
89 95 2
90 97 1
90 98 1
90 95 2
90 100 1
91 97 1
92 95 1
92 100 1
93 96 1
95 99 1
95 96 2
96 98 1
98 100 1
