1 2 143
1 3 35
1 6 1
1 11 66
1 14 54
1 148 1
1 186 1
1 473 97
1 646 46
1 984 72
1 980 59
1 767 101
1 576 20
1 410 1
1 985 20
1 70 26
1 40 95
2 670 90
2 331 91
2 616 6
2 571 177
2 336 20
2 748 163
2 95 36
2 697 88
2 432 1
3 4 83
3 5 42
3 7 136
3 31 5
3 52 1
3 70 1
3 71 28
3 251 1
3 342 23
3 680 125
3 766 65
3 789 78
3 961 101
3 165 49
3 778 1
3 604 14
3 140 55
3 771 95
3 432 86
3 541 159
3 484 70
3 936 90
4 30 1
4 32 46
4 43 147
4 302 6
4 321 63
4 282 79
4 187 82
4 927 39
4 647 1
4 976 1
4 42 1
5 10 88
5 19 48
5 20 1
5 64 26
5 90 119
5 170 55
5 969 92
5 451 32
5 219 37
5 406 94
5 626 89
5 258 9
5 580 38
5 962 117
5 917 59
5 574 11
5 438 1
5 261 55
5 776 35
5 652 51
5 309 1
6 18 86
6 713 9
6 210 9
6 752 40
6 632 108
6 192 5
6 644 29
6 75 132
6 767 79
6 630 24
6 329 1
6 661 85
7 8 27
7 12 57
7 113 118
7 127 117
7 161 27
7 231 128
7 480 90
7 788 61
7 942 47
7 770 1
7 873 130
7 404 10
7 221 87
7 576 69
7 421 1
7 742 34
7 898 142
7 273 155
8 9 56
8 15 21
8 25 118
8 217 24
8 319 29
8 894 1
8 148 109
8 720 74
8 820 139
8 39 41
8 527 1
8 808 88
8 556 1
8 942 5
8 793 1
8 877 140
8 605 47
8 82 37
8 945 139
8 384 114
8 767 67
9 26 19
9 142 56
9 264 1
9 356 73
9 975 1
9 79 104
9 715 1
9 455 1
9 639 75
9 197 19
9 351 1
9 410 26
9 156 1
10 23 30
10 29 105
10 69 21
10 358 1
10 71 45
10 60 88
10 694 41
10 332 20
10 916 56
10 310 26
10 740 16
10 629 72
10 325 134
10 66 71
11 13 51
11 140 1
11 296 1
11 37 17
11 580 22
11 923 77
11 192 70
11 193 1
11 782 82
11 845 74
11 56 115
11 957 113
11 690 27
11 384 1
12 106 55
12 156 69
12 517 1
12 327 110
12 109 1
12 458 115
12 262 33
12 727 15
12 36 39
12 303 44
12 839 93
13 27 20
13 34 1
13 139 54
13 155 1
13 480 114
13 718 46
13 165 35
13 154 5
13 905 90
13 482 62
13 457 45
13 509 8
13 94 111
14 16 61
14 67 62
14 688 99
14 524 85
14 585 115
14 763 52
14 125 7
14 479 1
14 169 155
14 434 103
14 211 63
14 105 43
15 17 78
15 21 64
15 826 1
15 529 72
15 966 196
15 113 1
15 281 41
15 183 58
15 852 118
15 316 44
15 631 93
15 690 1
15 737 16
16 171 86
16 362 14
16 551 109
16 858 101
16 244 64
16 600 26
16 22 39
16 612 48
16 68 40
16 391 1
16 234 111
16 25 65
16 365 22
16 196 72
16 566 41
17 74 1
17 591 19
17 115 113
17 781 1
17 138 88
17 395 99
17 712 49
17 840 148
17 68 69
17 89 156
17 101 1
18 36 93
18 215 94
18 800 40
18 264 24
18 97 107
18 672 48
18 128 86
18 189 118
18 409 19
19 112 96
19 184 1
19 402 72
19 201 103
19 893 26
19 102 47
19 359 1
19 452 1
19 951 71
19 54 1
19 824 37
20 22 41
20 33 56
20 220 102
20 303 113
20 312 93
20 435 85
20 509 1
20 25 84
20 421 67
20 165 1
20 844 34
20 318 24
20 180 42
21 169 13
21 340 29
21 441 57
21 143 118
21 841 75
21 821 23
21 333 100
21 964 32
21 809 13
21 371 69
21 391 102
21 184 18
21 387 56
22 55 1
22 119 101
22 245 45
22 969 18
22 134 26
22 625 25
22 541 1
22 453 1
23 24 17
23 49 58
23 73 34
23 924 35
23 370 53
23 705 1
23 918 63
23 572 116
23 162 38
23 320 85
23 912 1
23 88 58
23 934 1
24 35 89
24 41 48
24 57 25
24 62 96
24 192 141
24 366 114
24 196 44
24 271 90
24 169 104
24 288 75
24 882 1
24 47 33
25 28 116
25 40 31
25 56 93
25 405 1
25 699 111
25 841 71
25 200 44
25 985 61
25 130 67
25 249 65
26 59 3
26 353 49
26 390 32
26 148 83
26 542 58
26 386 36
26 282 74
26 948 111
26 824 110
26 176 68
26 595 133
26 843 54
26 512 20
26 958 75
26 54 1
27 87 72
27 115 56
27 662 1
27 523 14
27 118 1
27 918 106
27 390 125
27 133 1
27 660 1
27 582 1
27 90 90
27 836 1
28 81 58
28 193 1
28 275 41
28 388 1
28 636 58
28 416 15
28 91 45
28 937 15
28 517 41
28 872 156
28 889 69
28 634 122
28 291 1
29 84 114
29 181 1
29 795 70
29 857 36
29 149 46
29 672 1
29 529 47
29 251 40
29 355 79
29 173 58
29 119 54
29 386 98
30 83 93
30 130 45
30 135 68
30 570 24
30 903 14
30 609 1
30 909 1
30 535 56
30 704 66
30 111 5
30 732 29
30 407 1
30 730 140
30 76 62
30 287 12
30 436 57
31 44 67
31 48 55
31 101 1
31 136 52
31 158 1
31 576 60
31 426 63
31 709 130
31 395 142
31 669 13
31 291 1
31 792 102
31 757 1
31 515 60
32 37 120
32 301 144
32 498 3
32 795 81
32 298 89
32 535 93
33 133 82
33 216 48
33 243 46
33 352 87
33 276 25
33 969 51
33 316 13
33 816 1
33 112 96
33 260 2
33 986 14
33 515 109
33 312 90
33 62 84
33 381 37
33 101 1
33 811 41
33 933 54
33 672 84
33 324 111
34 38 43
34 46 121
34 346 36
34 492 11
34 847 1
34 900 58
34 98 130
34 257 44
34 113 1
34 823 1
34 275 87
34 65 1
34 407 5
34 277 12
34 830 109
34 294 39
35 53 98
35 65 1
35 66 59
35 75 108
35 230 10
35 279 20
35 323 30
35 993 137
35 167 1
35 212 94
35 598 1
35 288 79
35 232 1
35 62 65
36 45 1
36 47 69
36 68 51
36 112 1
36 189 11
36 567 1
36 605 68
36 305 1
36 108 92
36 231 12
36 736 71
37 39 25
37 58 1
37 164 30
37 645 87
37 288 93
37 511 1
37 369 1
37 121 98
37 761 86
37 510 157
37 576 65
38 51 5
38 80 70
38 105 83
38 242 106
38 872 61
38 879 1
38 503 58
38 598 24
38 276 29
38 906 1
38 402 102
38 507 21
38 396 2
38 96 149
38 458 207
38 629 1
38 577 49
39 365 107
39 331 1
39 89 107
39 343 7
39 596 54
39 234 58
39 839 1
40 121 70
40 175 86
40 157 1
40 629 10
40 683 99
40 694 82
40 138 1
40 72 135
40 725 95
40 565 15
40 791 1
40 548 141
40 534 35
40 952 135
40 61 1
40 582 34
41 42 57
41 50 107
41 182 76
41 960 7
41 588 1
41 303 1
41 525 28
41 343 1
41 932 52
41 437 134
41 669 18
41 708 82
41 535 32
42 241 23
42 248 17
42 442 1
42 604 12
42 576 109
42 995 179
42 673 75
42 848 101
42 780 1
42 900 11
42 148 1
42 209 1
42 725 115
42 645 116
42 788 83
43 373 1
43 927 49
43 730 103
43 890 1
43 822 1
43 813 116
43 119 25
43 357 97
43 615 70
43 926 1
43 922 78
44 476 40
44 578 27
44 86 172
44 496 11
44 647 91
44 366 96
44 94 82
44 793 19
44 455 68
44 506 76
44 644 147
45 60 105
45 122 30
45 257 1
45 381 1
45 258 79
45 745 1
45 289 62
45 263 1
46 108 5
46 129 56
46 280 1
46 727 34
46 859 32
46 716 102
46 994 61
46 428 1
46 264 60
46 738 1
46 805 31
46 385 45
46 372 7
46 433 34
46 694 27
47 334 73
47 583 136
47 676 50
47 135 25
48 95 47
48 118 101
48 771 88
48 669 45
48 159 46
48 493 73
48 424 82
48 638 1
48 223 99
48 606 133
48 621 106
48 842 16
48 580 110
48 322 153
49 54 74
49 131 36
49 262 53
49 267 91
49 292 1
49 632 8
49 720 70
49 916 101
49 276 72
49 74 130
49 978 34
49 914 40
49 386 74
49 832 58
49 364 47
49 566 5
49 885 66
50 166 51
50 244 1
50 446 14
50 925 67
50 963 100
50 705 12
50 772 48
50 234 142
50 996 104
50 907 30
50 652 14
50 541 22
50 284 74
50 141 10
50 928 59
50 452 73
51 104 93
51 218 103
51 290 1
51 985 73
51 731 37
51 630 128
51 767 68
51 741 108
51 553 82
51 286 64
51 438 1
51 725 95
51 169 42
51 593 16
52 147 43
52 256 97
52 467 42
52 914 46
52 193 17
52 591 41
52 442 1
52 960 11
52 738 18
52 635 62
52 729 77
52 231 114
52 990 47
52 74 64
52 706 147
53 658 1
53 642 9
53 291 61
53 449 79
53 938 59
53 187 1
53 796 64
53 682 71
53 760 1
53 348 77
53 635 55
53 131 19
53 515 7
53 577 51
54 364 135
54 84 43
54 307 42
54 954 104
54 609 1
54 168 49
54 375 5
54 999 42
54 401 82
54 855 1
55 63 1
55 76 69
55 214 74
55 325 95
55 339 17
55 514 93
55 784 48
55 910 1
55 194 11
55 253 112
55 327 1
55 655 60
55 226 112
55 56 1
55 305 76
55 323 43
55 853 55
55 189 1
55 657 44
55 789 37
55 572 66
55 489 86
56 61 1
56 222 14
56 508 32
56 361 104
56 83 29
56 221 85
56 719 49
56 558 102
56 102 34
57 89 63
57 116 1
57 196 92
57 504 51
57 633 1
57 107 98
57 990 73
57 941 53
57 180 17
57 673 60
57 329 60
57 264 1
57 217 69
57 246 78
57 834 83
57 266 63
57 740 1
57 147 31
57 753 1
57 960 89
58 79 63
58 82 23
58 86 52
58 271 41
58 429 126
58 457 198
58 581 138
58 389 75
58 297 13
58 953 1
58 136 40
58 301 53
58 470 1
59 114 26
59 126 168
59 368 1
59 420 59
59 425 19
59 892 3
59 852 81
59 459 53
59 554 38
59 631 52
59 172 3
59 452 32
59 228 76
59 115 72
59 831 56
60 72 59
60 198 6
60 887 1
60 742 1
60 941 63
60 291 10
60 276 1
60 80 64
60 402 82
60 160 62
61 173 17
61 306 16
61 599 59
61 914 61
61 792 1
61 603 74
61 448 156
61 925 1
61 975 55
61 221 23
61 385 73
62 204 142
62 630 38
62 427 1
62 392 63
62 828 78
62 856 29
62 790 129
63 210 70
63 261 1
63 406 143
63 389 1
63 592 46
63 114 73
63 220 142
63 295 1
63 959 127
63 663 1
63 882 61
64 272 46
64 509 54
64 706 67
64 482 91
64 404 84
64 438 25
64 270 1
64 194 29
64 772 12
64 291 131
64 455 96
64 745 1
64 712 89
64 935 61
64 786 1
65 93 73
65 124 38
65 579 110
65 467 8
65 321 81
65 471 58
65 198 62
65 866 1
65 367 1
66 530 1
66 331 156
66 492 150
66 125 99
66 366 116
66 671 87
66 174 29
66 543 13
66 196 4
67 154 1
67 867 97
67 334 1
67 721 40
67 341 1
67 845 98
67 612 94
67 917 1
67 427 27
68 123 54
68 311 152
68 622 103
68 171 2
68 554 70
68 810 66
68 945 1
68 115 31
68 206 1
68 608 25
69 77 60
69 109 60
69 383 1
69 460 63
69 862 114
69 969 112
69 282 103
69 929 1
69 990 33
69 125 41
69 843 22
69 266 117
69 80 95
69 957 1
69 508 102
70 85 105
70 94 98
70 96 57
70 335 22
70 410 81
70 890 113
70 498 24
70 379 30
70 684 79
70 521 129
70 448 23
70 877 2
70 406 98
70 673 130
70 802 10
71 98 1
71 150 2
71 289 33
71 717 31
71 926 39
71 879 1
71 990 9
72 396 170
72 525 1
72 711 86
72 543 64
72 327 29
72 97 63
72 427 215
73 974 89
73 289 18
73 134 62
73 898 49
73 883 149
73 617 22
74 88 117
74 100 1
74 177 1
74 221 40
74 453 1
74 454 76
74 76 115
74 493 70
74 446 69
74 774 1
74 241 7
74 386 1
74 564 1
74 698 29
74 224 126
75 308 60
75 240 89
75 206 1
75 313 62
75 210 54
75 203 58
75 914 27
75 130 142
75 610 30
75 401 1
76 78 56
76 99 56
76 226 1
76 343 62
76 476 1
76 954 1
76 331 55
76 267 109
76 421 17
76 740 134
76 840 1
76 653 22
76 315 6
77 993 31
77 705 85
77 671 1
77 528 74
77 125 17
77 882 12
78 91 27
78 765 33
78 780 82
78 129 63
78 983 18
78 961 1
78 679 55
78 83 114
78 977 52
78 208 134
78 535 73
78 620 91
78 692 105
78 252 65
78 874 71
79 236 1
79 395 1
79 750 110
79 763 1
79 158 80
79 919 30
79 400 53
79 533 21
79 854 9
80 103 1
80 448 1
80 483 87
80 965 1
80 420 67
80 726 1
80 190 1
80 751 73
80 811 39
80 732 1
80 855 45
80 489 73
80 896 35
80 469 86
80 760 69
80 937 63
80 229 5
81 120 94
81 399 171
81 649 1
81 370 1
81 321 34
81 494 91
81 954 141
82 246 15
82 298 117
82 456 1
82 917 46
82 345 14
82 505 161
82 483 54
82 970 1
82 388 87
82 858 66
82 239 29
82 762 88
82 359 58
82 739 141
82 795 1
82 675 40
82 117 69
82 523 17
82 265 74
82 504 75
83 179 75
83 867 18
83 769 36
83 289 137
83 534 81
83 532 91
83 157 62
83 656 66
83 515 141
83 892 6
83 126 35
83 712 223
84 141 14
84 111 48
84 988 79
84 593 71
84 288 172
84 618 39
84 159 16
84 622 105
85 107 87
85 125 87
85 152 149
85 972 47
85 199 4
85 985 1
85 861 1
85 822 45
85 172 1
85 657 1
85 700 124
85 635 1
85 516 42
85 550 67
86 540 4
86 710 54
86 543 153
86 958 90
86 87 72
86 203 45
87 153 99
87 338 134
87 445 66
87 685 13
87 412 1
87 707 92
87 448 142
87 415 43
87 115 31
87 627 17
88 92 162
88 224 109
88 162 66
88 919 51
88 806 1
88 799 47
88 862 49
88 370 1
88 934 89
88 325 52
88 750 1
88 805 94
88 518 90
88 471 158
89 159 39
89 202 1
89 462 1
89 427 28
89 162 40
89 839 38
89 832 63
89 240 10
89 552 184
89 311 181
89 374 108
89 686 1
89 626 29
90 102 76
90 573 8
90 656 1
90 151 88
90 621 12
90 683 1
90 231 1
91 137 98
91 185 6
91 552 115
91 159 71
91 131 232
91 738 33
91 977 113
91 884 1
91 598 1
91 399 73
91 355 143
91 656 4
91 388 17
92 97 100
92 219 1
92 139 58
92 790 57
92 305 29
92 904 1
92 705 59
92 135 82
92 954 125
92 328 63
92 389 43
92 509 69
93 770 49
93 553 136
93 589 1
93 109 77
93 161 1
93 274 1
93 905 85
93 922 1
93 765 50
93 465 1
93 989 1
93 408 82
93 432 1
94 999 136
94 833 1
94 775 1
94 128 1
94 439 89
94 578 142
94 663 121
94 151 47
94 321 61
94 453 1
94 516 43
94 139 1
95 309 25
95 895 65
95 796 41
95 180 1
95 241 82
95 941 71
95 944 166
95 857 120
95 915 66
95 182 1
95 312 32
95 411 95
95 844 83
95 731 112
95 304 67
95 271 27
95 680 1
95 897 54
95 660 86
96 305 116
96 454 45
96 914 56
96 932 11
96 807 147
96 810 45
97 110 48
97 250 26
97 328 99
97 938 78
97 966 68
97 933 128
97 812 44
97 158 130
97 340 169
97 928 1
97 337 63
97 258 89
97 648 1
97 321 86
97 575 41
97 137 92
98 285 95
98 536 63
98 755 38
98 720 1
98 576 108
98 309 20
98 468 53
98 574 85
98 246 78
98 842 28
98 766 63
98 327 70
98 950 1
98 225 1
98 299 127
98 267 1
99 160 16
99 168 92
99 266 29
99 363 110
99 365 1
99 553 52
99 777 100
99 447 1
99 174 1
99 409 43
99 159 30
99 249 71
99 761 1
99 853 32
99 872 99
100 377 136
100 390 91
100 482 1
100 590 48
100 348 141
100 749 1
100 107 131
100 666 1
100 785 1
100 984 56
100 818 39
100 889 1
100 702 54
100 1000 51
100 267 117
100 725 42
100 479 64
101 144 42
101 521 20
101 139 18
101 195 1
101 998 35
101 764 48
101 524 1
101 580 90
101 390 122
101 973 52
102 117 13
102 693 28
102 720 57
102 240 59
102 901 24
102 943 125
102 750 82
102 906 1
102 555 62
102 737 112
102 631 76
103 212 88
103 372 48
103 360 1
103 636 9
103 429 99
103 576 71
103 282 36
103 591 1
103 956 28
103 691 33
104 174 40
104 670 11
104 303 1
104 642 13
104 155 1
104 187 107
104 706 38
104 908 65
104 917 104
104 184 47
104 375 1
104 360 45
104 952 1
104 523 72
104 295 1
105 273 88
105 281 55
105 404 104
105 693 1
105 126 1
105 816 16
105 843 1
105 969 83
105 554 133
105 418 47
106 143 103
106 307 105
106 583 44
106 219 87
106 378 1
106 336 1
106 639 119
106 227 57
107 162 54
107 172 58
107 332 1
107 599 111
107 159 1
107 145 81
107 697 1
107 706 109
107 998 50
107 146 22
107 976 63
107 664 50
107 863 36
107 666 5
107 153 16
108 360 145
108 378 1
108 526 42
108 531 61
108 656 106
108 702 36
108 390 1
108 219 55
108 982 71
108 547 143
108 486 74
108 685 63
108 709 38
108 774 35
108 682 23
108 156 34
108 213 1
108 173 74
108 915 48
108 936 56
108 257 96
108 166 83
108 851 34
108 904 63
108 131 1
109 146 60
109 333 9
109 321 27
109 181 1
109 788 1
109 947 67
110 111 23
110 183 1
110 207 10
110 278 47
110 333 50
110 349 78
110 832 27
110 860 32
110 139 120
110 347 70
110 633 1
110 956 3
110 320 95
110 346 92
110 565 10
110 434 1
110 997 44
110 361 109
110 873 114
110 803 18
110 546 1
111 163 62
111 826 40
112 366 1
112 417 53
112 609 121
112 208 18
112 618 1
112 725 62
112 133 84
112 432 75
112 359 81
113 238 8
113 431 56
113 464 45
113 811 34
113 868 50
113 906 82
113 361 5
113 424 1
113 796 41
113 703 47
113 1000 36
113 791 14
114 194 12
114 869 5
114 952 127
114 874 71
114 264 58
114 317 91
114 786 1
114 564 82
114 392 67
114 705 141
115 213 1
115 529 50
115 863 24
115 447 72
115 509 66
115 193 3
115 341 1
116 260 1
116 744 1
116 361 19
116 175 29
116 477 42
116 755 3
116 161 1
116 303 67
116 871 1
116 315 1
117 904 156
117 725 35
117 492 71
117 780 66
117 778 45
117 497 8
117 300 112
117 474 174
117 410 23
117 213 17
117 782 119
118 132 11
118 284 1
118 921 163
118 615 19
118 204 75
118 127 31
118 247 91
118 680 112
118 961 16
118 353 71
119 313 1
119 324 89
119 701 59
119 631 79
119 638 25
119 386 63
119 204 103
119 922 30
119 296 63
120 204 44
120 695 83
120 919 89
120 228 5
120 806 95
120 354 52
120 872 13
120 953 38
120 598 25
120 500 50
121 134 29
121 138 1
121 229 153
121 480 60
121 398 1
121 989 1
121 461 1
122 200 35
122 737 27
122 686 3
122 417 57
122 191 103
122 538 41
122 696 162
122 608 61
122 327 1
123 184 117
123 736 50
123 639 6
123 852 52
123 746 43
123 840 10
123 582 11
123 508 2
123 893 109
124 770 107
124 983 55
124 929 13
124 191 29
124 879 56
124 507 1
124 652 126
124 486 1
124 764 145
124 753 1
125 128 49
125 157 1
125 211 17
125 193 37
125 190 44
125 242 70
125 254 31
125 275 1
125 737 72
125 574 30
125 927 50
126 282 92
126 970 15
126 667 55
126 383 40
126 228 103
126 765 96
126 590 108
126 729 84
126 404 83
126 191 74
126 757 5
127 234 16
127 284 1
127 882 22
127 786 76
127 720 68
127 224 52
127 863 1
127 640 1
127 659 59
127 785 1
128 149 1
128 382 94
128 633 18
128 576 119
128 687 55
128 462 69
128 781 153
128 616 104
128 265 97
129 685 1
129 871 16
129 964 1
129 282 39
129 480 86
129 482 95
129 619 68
129 524 105
129 725 70
129 290 1
129 552 1
129 730 75
129 286 62
130 178 89
130 247 1
130 424 83
130 518 87
130 735 1
130 180 102
130 896 1
130 385 1
130 850 9
130 530 71
131 401 166
131 902 42
131 330 6
131 700 143
131 887 73
131 841 33
131 931 96
131 713 45
131 950 1
131 300 1
131 777 32
131 892 1
131 842 96
131 493 92
132 139 52
132 607 54
132 519 27
132 221 93
132 740 2
132 600 72
132 973 45
132 957 129
133 329 30
133 350 1
133 889 13
133 713 96
133 235 31
133 796 81
133 400 6
133 729 29
133 342 1
133 781 87
133 360 97
133 504 59
133 417 209
133 372 74
134 747 40
134 867 76
134 596 23
134 396 51
134 491 60
134 541 28
135 176 78
135 188 94
135 223 8
135 527 78
135 811 2
135 549 31
135 977 95
135 306 1
135 333 64
135 397 46
135 868 26
135 224 1
135 543 81
135 393 81
136 163 112
136 190 82
136 580 110
136 720 70
136 961 1
136 308 98
136 706 131
136 912 87
136 316 155
136 264 81
136 203 95
136 810 93
136 643 81
137 415 52
137 490 120
137 820 56
137 173 1
137 970 5
137 691 105
137 807 1
137 322 49
137 702 49
137 505 131
138 485 71
138 295 32
138 191 72
138 328 69
138 648 114
138 741 58
138 340 28
139 151 1
139 792 45
139 243 90
139 448 1
139 1000 20
139 239 94
139 969 59
139 834 127
139 474 78
140 438 117
140 735 51
140 588 68
140 681 139
140 231 20
140 826 17
140 559 1
140 240 16
140 197 94
140 903 40
140 599 55
140 230 64
140 793 60
140 713 31
140 847 60
141 203 124
141 254 30
141 452 59
141 512 14
141 973 79
141 250 1
141 330 62
141 450 1
141 669 105
141 875 23
141 670 135
141 504 56
141 205 29
141 880 68
142 657 28
142 245 70
142 619 21
142 860 68
142 895 48
142 843 36
142 352 198
142 252 52
142 547 48
142 659 6
142 684 68
142 479 79
143 145 56
143 976 8
143 399 138
143 952 26
143 438 1
143 283 102
143 643 74
143 335 42
144 167 94
144 651 90
144 687 33
144 905 79
145 232 140
145 257 19
145 757 83
145 158 125
145 811 87
145 759 6
145 672 93
146 295 41
146 572 4
146 788 1
146 396 32
146 447 41
146 458 61
146 343 55
146 972 68
146 653 77
146 172 54
146 762 1
146 766 60
147 317 80
147 477 18
147 775 74
147 415 77
147 991 68
147 251 133
147 941 1
147 532 25
147 633 97
147 568 99
147 449 30
147 722 75
147 283 5
148 165 57
148 276 32
148 516 107
148 888 1
148 939 8
148 160 44
148 569 69
149 470 1
149 560 15
149 582 88
149 586 58
149 933 82
149 259 56
149 196 1
149 672 80
149 959 24
149 663 41
149 896 81
149 323 42
149 499 1
149 821 1
149 299 1
149 628 180
149 442 24
149 870 102
150 702 72
150 227 1
150 345 1
150 588 45
150 757 9
151 738 51
151 414 79
151 894 1
151 526 103
151 505 1
151 244 18
151 932 54
151 223 33
151 795 1
152 409 17
152 817 15
152 512 82
152 878 19
152 754 155
152 181 55
152 203 84
153 195 22
153 516 36
153 189 57
153 562 95
153 901 11
153 402 80
153 898 1
153 229 17
153 431 58
153 606 33
153 768 52
153 671 1
154 205 111
154 439 45
154 472 33
154 585 36
154 878 47
154 447 149
154 426 13
154 381 72
154 505 95
154 970 107
154 732 1
154 700 1
154 900 53
154 336 77
155 180 103
155 294 65
155 367 47
155 417 65
155 955 11
155 744 57
155 550 1
155 344 56
155 199 76
155 212 42
155 389 89
156 522 1
156 564 1
156 893 1
156 740 31
156 889 87
156 270 59
156 961 97
157 608 59
157 571 44
157 368 1
157 191 1
158 236 149
158 253 92
158 928 54
158 202 1
158 368 28
158 445 50
158 423 172
158 570 1
158 921 127
158 753 76
158 496 42
158 313 98
158 558 1
158 259 51
159 487 38
159 603 44
159 953 76
159 450 39
159 405 1
159 292 27
159 647 35
159 658 50
159 475 54
159 927 21
160 809 52
160 629 1
160 989 113
160 366 98
160 395 48
160 312 13
160 575 1
160 290 49
160 269 1
160 327 19
160 512 38
160 443 90
160 490 62
160 815 93
161 861 98
161 697 153
161 461 124
161 246 20
161 302 48
161 979 43
162 270 46
162 336 60
162 274 106
162 384 1
162 821 25
162 502 84
162 633 1
162 445 137
162 815 43
162 196 54
162 285 71
162 283 49
162 446 123
162 930 61
162 513 58
162 875 79
162 454 124
163 542 78
163 330 50
163 682 1
163 538 1
163 423 11
163 535 44
163 416 74
163 565 1
163 427 112
163 782 63
163 708 23
164 407 1
164 418 55
164 419 151
164 659 18
164 757 47
164 717 91
164 640 36
164 175 67
164 830 36
164 355 21
164 212 87
164 768 24
165 191 1
165 344 10
165 195 30
165 509 75
165 680 11
165 913 63
165 755 59
165 730 1
166 320 1
166 377 1
166 585 98
166 565 1
166 373 66
166 191 26
167 673 45
167 806 39
167 678 3
167 943 64
167 722 43
167 214 1
167 287 125
167 882 1
167 886 26
167 542 57
168 249 17
168 813 42
168 329 71
168 701 79
168 840 116
168 199 1
168 784 125
168 423 41
168 247 32
168 401 127
168 967 1
168 523 1
169 612 30
169 751 53
169 398 19
169 302 106
169 960 74
169 418 91
169 980 73
169 942 37
169 203 105
169 294 45
169 646 1
169 686 78
169 593 14
169 841 71
169 282 20
170 269 58
170 740 122
170 874 7
170 864 11
170 982 70
170 417 82
170 203 93
170 678 101
170 424 35
170 302 6
170 899 86
171 759 42
171 273 60
171 562 73
171 250 1
171 796 81
171 572 13
171 745 72
172 468 40
172 655 44
172 215 71
172 208 1
172 831 57
172 764 85
172 881 80
172 768 52
172 338 1
172 678 29
172 383 100
172 765 1
172 362 100
173 330 85
173 382 58
173 478 45
173 338 1
173 721 34
173 700 103
173 282 69
174 245 23
174 899 64
174 868 65
174 758 79
174 769 73
174 847 53
174 208 75
174 765 8
174 630 44
175 227 65
175 235 60
175 371 6
175 386 92
175 970 38
175 733 69
175 945 75
175 979 61
175 666 31
175 583 59
176 187 88
176 288 109
176 880 98
176 979 142
176 539 1
176 321 1
176 639 57
176 189 37
176 281 131
177 786 1
177 344 92
177 981 4
177 423 16
177 513 45
177 384 1
177 543 12
177 578 78
178 452 1
178 312 16
178 208 1
178 667 71
178 358 73
179 679 69
179 216 114
179 275 8
179 341 1
179 846 157
179 923 90
179 616 16
179 952 107
179 343 1
179 963 31
179 891 138
179 344 108
179 697 68
179 225 146
179 712 33
180 287 61
180 638 1
180 257 5
180 486 108
180 534 151
180 230 24
180 439 62
181 528 86
181 435 64
181 782 89
181 690 69
181 471 89
181 297 59
181 515 1
181 979 1
181 451 56
182 422 43
182 225 83
182 645 8
182 387 1
182 314 1
182 540 126
182 187 27
183 206 80
183 255 49
183 379 1
183 649 4
183 267 1
183 897 125
183 365 10
183 454 141
183 907 16
183 689 38
184 903 1
184 764 1
184 674 71
184 343 131
184 696 20
184 603 46
184 753 66
184 503 25
184 685 15
185 288 53
185 800 74
185 289 78
185 580 74
185 933 1
185 301 50
185 687 74
185 453 29
185 363 42
185 389 78
185 909 96
185 766 1
185 870 126
185 763 77
186 197 78
186 988 1
186 482 1
186 864 54
186 912 28
186 709 1
186 583 129
186 285 95
186 887 1
186 239 32
186 639 76
186 230 1
187 237 29
187 510 88
187 554 84
187 475 69
187 454 68
187 603 30
187 450 1
187 676 20
188 208 42
188 209 6
188 466 48
188 943 84
188 517 92
188 281 57
189 744 1
189 750 107
189 831 38
189 335 69
189 247 67
189 872 47
189 737 40
189 902 33
189 341 89
189 320 11
189 439 1
189 798 1
189 903 113
190 479 132
190 704 20
190 224 1
190 705 1
190 308 87
190 505 1
190 848 25
190 575 62
190 202 8
190 678 134
190 530 63
190 813 1
190 681 1
191 199 23
191 233 51
191 274 1
191 277 1
191 708 48
191 866 9
191 654 24
191 434 60
191 241 7
191 697 76
191 846 1
191 599 39
192 239 18
192 408 33
192 448 1
192 367 1
192 564 56
192 616 36
192 751 90
192 747 28
192 632 1
192 575 144
192 689 1
192 579 46
192 366 1
193 376 1
193 416 142
193 244 1
193 365 29
193 647 166
193 534 1
193 367 65
193 568 26
194 389 54
194 774 10
194 912 83
194 416 82
194 961 23
194 952 63
194 273 82
195 201 49
195 300 1
195 447 14
195 737 58
195 826 57
195 734 12
195 601 68
195 260 29
195 761 92
195 957 42
195 809 44
195 238 1
195 230 1
195 638 122
195 254 1
195 513 19
196 291 1
196 652 24
196 548 1
196 572 97
196 754 50
196 450 20
196 522 30
196 959 143
196 589 91
196 521 37
196 581 1
196 351 100
197 819 36
197 889 3
197 492 12
197 932 1
197 995 44
197 590 16
197 894 89
198 515 18
198 356 104
198 648 42
198 293 6
198 507 74
198 753 1
198 448 4
199 566 56
199 538 104
199 572 69
199 406 125
199 681 48
199 909 1
199 229 108
199 518 70
200 315 25
200 433 27
200 966 77
200 238 97
200 744 113
200 815 50
200 937 16
200 521 7
201 265 87
201 783 39
201 607 95
201 780 80
201 838 57
201 467 47
201 888 103
201 512 1
201 925 109
201 338 87
201 271 1
201 375 55
201 876 82
201 521 94
201 974 1
201 685 10
201 562 13
201 966 112
201 238 62
202 421 1
202 404 69
202 614 68
202 491 136
202 381 30
202 681 20
202 313 30
202 676 106
202 556 56
202 782 130
202 864 1
203 209 100
203 708 62
203 782 36
203 784 88
203 966 124
203 470 58
203 484 67
203 409 1
204 369 63
204 616 47
204 870 19
204 527 63
204 500 24
204 651 59
204 917 1
204 998 65
204 927 1
204 593 1
204 624 1
205 414 56
205 859 89
205 952 76
205 765 109
205 748 92
206 648 122
206 839 62
206 298 80
206 469 1
206 682 60
207 310 30
207 395 25
207 217 48
207 364 43
207 728 1
207 990 88
207 725 1
208 952 48
208 682 91
208 735 1
208 465 70
209 228 23
209 698 56
209 250 13
209 712 31
209 751 1
209 779 53
209 318 113
210 637 96
210 677 23
210 341 124
210 285 37
210 813 81
210 717 82
210 807 84
210 441 1
210 523 135
210 929 1
210 747 1
210 411 1
211 363 138
211 988 122
211 958 15
211 650 3
211 246 1
211 858 77
211 433 98
211 861 81
211 245 113
211 853 71
212 322 53
212 665 69
212 663 7
212 274 32
212 364 110
212 370 51
212 284 28
212 522 131
212 979 38
212 449 50
212 855 24
212 625 2
212 811 18
212 213 67
213 780 59
213 362 71
213 970 36
213 727 131
213 424 42
213 623 110
213 863 1
213 276 1
213 621 23
213 754 4
213 402 53
213 460 1
214 988 31
214 262 1
214 324 37
214 793 84
214 452 78
214 633 38
214 723 79
214 763 22
214 950 120
214 403 72
214 433 144
215 225 25
215 268 123
215 639 189
215 696 87
215 569 92
215 859 36
215 899 29
215 768 93
215 756 41
215 915 35
215 528 106
216 399 5
216 631 29
216 561 26
216 756 1
216 730 83
216 926 69
216 495 110
216 641 45
216 761 13
217 524 100
217 861 16
217 344 11
217 930 7
217 540 1
217 944 48
217 963 140
217 542 79
217 710 1
217 885 50
217 709 49
218 422 160
218 245 48
218 896 55
218 320 149
218 595 66
218 236 43
218 933 95
218 994 26
219 235 49
219 293 87
219 799 1
219 404 77
219 912 80
219 901 1
219 770 1
219 233 1
219 269 107
220 908 39
220 553 107
220 523 76
220 945 63
220 365 111
220 470 31
220 306 96
220 879 6
220 991 126
220 744 21
220 672 60
221 759 1
221 556 61
221 459 95
221 949 98
222 361 107
222 432 16
222 750 29
222 642 75
222 630 62
222 772 51
223 888 107
223 535 83
223 760 36
223 775 36
223 569 1
223 585 1
223 478 110
224 299 21
224 355 1
224 845 140
224 616 1
224 978 73
224 618 46
224 386 81
224 867 48
224 750 12
224 911 32
224 501 10
224 973 17
225 318 38
225 627 168
225 575 110
225 423 63
225 773 108
225 300 54
225 686 62
225 720 9
225 731 1
225 870 70
225 270 37
225 748 1
225 340 21
226 573 57
226 783 50
226 781 121
226 649 20
226 481 190
226 379 60
226 287 62
226 926 51
226 365 10
227 718 11
227 237 36
227 637 66
227 842 67
227 342 75
227 359 1
227 607 116
227 674 81
227 918 71
227 584 44
228 240 1
228 534 7
228 334 42
228 773 1
228 358 96
228 550 6
229 898 16
229 298 24
229 584 51
229 414 80
229 566 24
229 679 1
229 792 92
229 310 62
229 856 134
229 457 38
229 811 22
230 496 144
230 983 65
230 764 38
230 453 34
230 441 52
230 874 80
230 602 59
230 572 46
230 845 97
231 258 45
231 672 8
231 289 33
231 471 21
231 765 1
231 852 94
232 622 82
232 477 72
232 399 130
232 783 18
232 739 58
232 414 91
232 482 44
232 976 48
232 496 41
232 554 65
232 697 113
232 305 1
233 471 18
233 913 19
233 999 105
233 340 44
233 732 26
233 392 67
233 424 84
234 259 84
234 304 1
234 337 70
234 402 57
234 774 1
234 453 1
234 927 1
234 816 59
234 770 127
234 478 114
235 587 131
235 793 1
235 896 89
235 840 89
235 679 14
235 714 3
235 712 69
236 931 23
236 410 32
236 842 1
236 529 92
236 820 61
236 591 1
236 627 39
236 523 1
237 314 122
237 370 98
237 856 1
237 389 66
237 265 8
237 571 42
237 289 43
238 505 112
238 436 1
238 340 36
238 953 117
238 836 1
238 383 3
238 818 1
238 569 42
238 297 106
238 307 80
238 726 103
239 268 107
239 275 42
239 663 27
239 544 84
239 662 68
240 598 100
240 610 85
240 526 1
240 626 61
240 954 51
240 693 153
240 300 1
240 359 1
240 335 28
240 270 86
240 396 1
240 920 97
240 706 1
241 751 85
241 642 69
241 688 114
241 323 97
241 729 1
242 252 8
242 489 115
242 565 69
242 532 31
242 837 66
242 500 79
242 674 86
242 344 53
242 326 6
242 398 84
242 810 120
242 859 34
242 788 48
242 522 1
243 451 1
243 615 37
243 818 33
243 333 38
243 699 33
243 875 79
243 259 103
243 287 95
243 844 115
243 582 41
244 694 60
244 534 103
244 687 7
244 522 76
244 408 136
244 266 47
245 283 145
245 523 62
245 261 121
245 473 52
245 686 58
245 969 1
245 391 44
246 491 35
246 612 66
246 507 37
246 278 65
246 585 66
246 980 36
247 556 18
247 415 103
247 352 147
247 963 94
247 797 51
248 344 1
248 544 108
248 687 127
248 958 132
248 412 1
248 483 1
248 896 28
248 805 201
248 618 79
248 252 1
248 934 45
248 698 62
249 458 1
249 290 119
249 562 71
249 295 33
249 260 76
249 753 56
249 388 44
249 308 161
249 688 87
250 392 26
250 651 9
250 722 49
250 798 1
250 888 56
250 367 10
250 256 62
250 270 10
250 848 43
250 969 122
250 263 71
251 457 154
251 425 83
251 571 18
251 448 24
251 504 139
251 913 90
251 952 9
252 548 99
252 924 111
252 688 101
252 489 1
252 294 117
252 871 102
252 483 71
252 815 40
253 320 1
253 714 1
253 427 92
253 899 45
253 926 66
254 394 60
254 515 1
254 709 43
254 620 38
254 354 1
255 418 29
255 618 92
255 500 105
255 485 32
255 701 63
255 464 128
255 342 121
256 756 30
256 774 105
256 855 17
256 841 54
256 669 22
256 728 1
256 544 1
257 384 36
257 510 60
257 831 94
257 947 70
257 855 1
257 785 33
257 623 53
257 926 60
257 433 1
258 495 91
258 607 57
258 780 87
258 679 108
258 345 38
258 327 103
258 395 110
259 428 39
259 478 43
259 563 162
259 753 91
259 940 1
259 659 57
259 657 1
259 346 99
260 263 1
260 413 1
260 788 58
260 363 1
260 546 1
260 265 44
260 517 1
260 373 144
260 790 100
261 362 7
261 962 20
261 392 105
261 551 83
261 975 67
261 829 1
261 785 62
262 634 1
262 892 59
262 348 21
262 913 54
262 690 72
262 669 115
262 547 55
262 670 25
262 522 1
262 801 1
262 315 76
262 415 1
263 316 1
263 326 140
263 440 1
263 458 85
263 824 14
263 354 1
263 499 96
263 759 23
263 927 45
263 481 28
263 888 56
263 522 146
263 952 21
264 948 38
264 862 57
264 824 104
264 673 26
264 631 86
265 484 54
265 451 147
265 935 85
265 336 5
265 435 42
265 797 1
265 684 1
266 412 75
266 469 42
266 822 37
266 953 44
266 964 40
266 506 64
266 881 127
266 413 1
266 414 134
266 936 1
267 387 103
267 524 67
267 456 1
267 748 144
267 673 11
267 358 122
267 489 15
267 676 112
268 355 65
268 604 19
268 740 1
268 800 92
268 840 67
269 856 67
269 313 35
269 419 6
269 594 66
269 999 77
269 603 7
269 310 16
270 410 54
270 292 83
270 281 33
270 841 123
270 600 65
270 688 34
270 302 154
270 750 1
270 869 49
270 539 12
270 940 23
270 769 1
270 355 94
270 359 74
270 557 107
271 627 103
271 674 27
271 324 10
271 791 54
271 880 1
271 508 1
271 707 89
272 417 76
272 627 25
272 971 107
272 278 122
272 795 10
272 788 1
272 794 47
272 641 77
273 957 20
273 973 34
273 697 22
273 602 115
274 286 51
274 397 73
274 502 46
274 341 1
274 662 29
274 766 26
274 367 92
274 755 15
274 942 53
274 646 5
274 611 1
274 420 24
274 528 45
274 921 96
274 856 45
275 732 80
275 409 13
275 556 65
275 794 202
275 276 1
275 882 128
275 399 56
276 297 51
276 532 12
276 954 70
276 372 75
276 444 239
276 534 17
276 653 30
276 542 45
276 539 73
277 842 59
277 982 14
277 559 47
277 541 105
277 348 18
277 531 99
277 515 114
277 297 138
278 327 1
278 749 79
278 318 8
278 427 78
278 602 95
278 898 27
278 959 127
279 726 82
279 602 67
279 316 2
279 348 16
279 392 100
279 706 1
279 674 80
279 934 11
279 921 173
280 924 118
280 607 1
280 992 59
280 811 76
280 521 33
280 427 1
280 968 50
280 922 94
280 855 1
280 787 106
280 949 117
281 450 41
281 931 29
281 762 81
281 933 1
281 671 42
281 440 85
281 907 73
281 432 1
281 878 67
282 739 59
282 902 12
283 840 98
283 453 1
283 471 1
283 327 109
283 936 95
283 414 1
284 335 45
284 533 72
284 641 37
284 336 1
284 306 1
284 717 10
284 538 1
284 900 61
284 780 137
284 603 118
285 545 142
285 628 82
285 746 125
285 958 34
285 776 99
285 366 1
285 321 60
285 966 104
285 876 59
285 946 15
286 445 29
286 600 27
286 964 1
286 822 99
286 454 41
286 847 18
286 590 123
287 354 87
287 867 1
287 838 32
287 314 83
287 480 71
287 339 33
287 674 44
287 362 39
287 998 81
288 359 1
288 585 26
288 539 55
288 434 76
288 475 44
288 939 1
288 616 75
288 875 25
288 722 43
289 357 94
289 304 1
290 351 44
290 462 41
290 608 59
290 952 2
290 868 59
290 745 43
290 858 1
290 955 106
290 716 95
290 447 6
290 495 68
290 713 80
290 926 22
291 474 18
291 623 84
291 982 16
291 748 1
291 781 1
291 991 1
292 845 122
292 472 110
292 447 112
292 404 53
292 738 11
292 998 26
292 609 1
293 502 95
293 809 7
293 336 108
293 947 27
293 318 123
293 975 151
293 390 37
293 413 23
293 319 1
293 689 1
293 815 1
294 465 84
294 904 50
294 669 51
294 480 32
294 630 52
294 871 1
295 580 1
295 774 62
295 776 106
295 581 25
295 296 86
295 799 15
295 569 101
296 347 104
296 463 1
296 679 76
296 638 1
296 987 33
296 568 76
296 464 79
296 793 81
296 359 1
296 694 70
296 960 29
296 439 133
297 348 121
297 602 71
297 692 81
297 399 74
297 564 1
297 834 73
297 693 43
297 395 46
297 499 1
297 769 106
298 594 1
298 335 31
298 336 22
298 404 49
298 391 136
298 874 45
298 732 1
299 573 1
299 452 17
299 627 98
299 334 78
299 734 84
300 710 71
300 579 6
300 355 1
300 690 45
300 742 1
300 364 87
300 722 95
300 325 1
300 689 1
300 808 65
300 512 143
300 992 37
301 477 92
301 934 86
301 830 143
301 405 31
301 406 1
301 708 1
301 430 28
301 426 82
301 622 1
301 534 29
302 453 128
302 421 21
302 984 17
302 731 63
302 500 37
302 396 68
302 874 40
302 314 9
302 510 111
303 517 18
303 458 43
303 496 47
303 807 66
303 859 1
303 824 19
303 939 19
304 982 1
304 525 89
304 617 110
304 798 96
304 760 7
304 731 87
305 731 115
305 640 111
305 324 1
305 770 1
305 875 108
305 568 96
305 364 1
305 511 135
305 343 1
306 928 153
306 663 31
306 707 1
306 635 63
306 577 1
307 375 1
307 596 88
307 517 21
307 783 33
307 553 1
307 387 56
307 350 96
307 996 17
308 678 34
308 760 10
308 978 1
308 918 8
308 456 34
308 575 19
308 757 114
308 766 1
308 444 8
308 670 37
309 864 42
309 430 40
309 525 56
309 753 69
309 662 108
309 923 1
309 870 146
309 323 17
309 895 61
309 511 91
309 858 76
310 374 24
310 599 125
310 343 32
310 348 63
310 431 131
310 441 102
310 962 75
310 436 60
310 476 131
310 468 1
311 501 59
311 996 109
311 624 55
311 970 100
311 633 45
311 480 1
311 883 93
312 689 152
312 752 116
312 482 109
312 364 1
312 426 1
312 860 75
312 661 58
313 570 53
313 322 104
313 883 16
313 959 154
313 366 135
313 354 36
313 787 128
313 413 28
313 521 1
314 466 32
314 739 60
314 737 27
314 945 71
315 901 53
315 355 134
315 379 10
315 629 85
315 599 68
315 858 1
315 392 1
315 585 52
316 443 89
316 907 101
316 931 4
316 626 64
316 355 13
316 870 73
316 867 166
316 566 69
316 486 1
317 730 1
317 518 2
317 761 9
317 495 73
317 340 21
317 383 66
317 779 25
317 737 38
317 901 50
317 701 88
317 479 21
318 595 1
318 724 78
318 708 74
318 338 20
318 839 76
318 972 58
318 612 3
318 457 52
318 640 1
318 853 64
318 746 20
319 889 148
319 972 8
319 654 47
319 534 63
319 640 171
319 512 76
319 526 73
319 384 42
319 908 1
319 732 134
319 854 1
320 345 62
320 962 1
320 597 5
320 370 65
320 638 51
320 336 1
320 488 1
321 519 19
321 573 136
321 367 10
321 348 62
321 892 5
321 989 49
321 706 52
322 834 36
322 576 120
322 934 55
322 491 84
322 332 72
322 447 70
322 826 104
322 352 138
322 664 107
323 636 47
323 490 42
323 340 30
323 485 33
323 755 64
323 751 121
323 948 107
323 931 60
323 662 88
323 836 12
324 439 77
324 386 32
324 400 1
324 406 58
324 655 74
325 331 65
325 391 1
325 829 1
325 464 74
325 798 73
325 907 1
325 892 78
325 340 138
325 534 40
325 864 55
325 866 1
325 490 1
325 697 84
325 706 1
326 436 63
326 680 76
326 398 61
326 525 33
326 773 1
326 875 92
327 762 1
327 566 79
327 899 127
327 942 39
327 485 21
327 460 116
328 554 37
328 914 124
328 562 92
329 386 103
329 717 1
329 876 47
329 608 61
329 724 27
329 472 115
329 607 67
329 355 121
329 715 51
329 757 127
329 533 85
329 662 67
329 734 81
330 341 67
330 493 98
330 524 172
330 858 1
330 419 1
330 683 66
330 850 74
330 393 1
330 699 83
330 689 1
330 619 19
331 551 78
331 641 1
331 898 61
331 658 5
331 763 18
331 659 186
331 891 3
331 962 156
331 812 46
331 937 82
331 508 52
331 426 93
331 807 1
332 455 5
332 541 20
332 585 10
332 464 1
332 954 92
332 858 1
332 707 115
332 931 8
332 778 106
332 435 1
332 782 1
332 381 1
332 725 102
333 914 66
333 743 1
334 715 55
334 542 31
334 577 34
334 425 80
334 830 22
334 657 51
334 704 59
334 409 9
334 699 14
334 474 83
335 456 90
335 630 73
335 671 76
335 376 95
335 643 43
335 676 96
335 464 9
335 769 68
335 439 1
336 902 37
336 739 83
336 471 1
336 792 141
336 597 1
336 454 28
336 960 50
336 650 58
336 470 32
336 591 128
336 602 1
336 539 2
337 588 102
337 917 72
338 409 25
338 956 85
338 545 63
338 960 35
338 786 101
338 475 70
338 527 46
339 638 79
339 568 83
339 894 69
339 946 40
339 726 123
339 881 18
340 387 39
340 924 54
340 991 1
341 371 60
341 621 47
341 547 1
341 790 54
341 434 75
341 766 103
341 583 37
341 723 96
341 668 76
341 666 55
341 360 89
341 833 102
342 380 1
342 555 1
342 742 104
342 982 104
342 468 74
342 383 5
342 486 16
342 896 29
342 840 17
342 900 17
343 538 56
343 624 96
343 669 12
343 860 1
343 911 105
343 661 59
343 604 101
343 741 54
343 759 90
343 780 62
344 824 60
344 363 73
344 562 45
344 512 44
344 555 52
344 796 84
344 959 1
344 612 20
345 731 1
345 575 70
345 934 85
345 949 5
345 771 23
345 421 26
345 759 1
345 638 74
346 511 50
346 731 94
346 672 96
346 423 128
346 687 74
346 348 39
346 693 54
346 671 1
346 529 88
347 691 70
347 772 93
347 650 1
347 970 114
347 811 86
347 640 1
347 420 49
347 393 174
348 730 122
348 373 16
348 711 45
348 944 88
349 378 37
349 684 48
349 779 1
349 671 53
349 535 108
349 673 92
349 832 62
349 897 81
350 391 23
350 497 40
350 655 73
350 698 108
350 845 8
350 456 74
350 894 1
350 750 66
350 568 78
350 464 135
351 589 42
351 775 60
351 647 42
351 688 1
351 498 115
351 793 55
351 488 69
351 780 61
351 447 152
351 575 159
351 809 106
352 792 74
352 716 1
352 687 1
352 806 30
352 719 109
353 566 64
353 603 1
353 504 89
353 432 55
353 550 107
353 434 98
353 421 145
353 829 47
354 385 34
354 481 116
354 805 1
354 392 169
354 644 40
354 573 19
354 370 74
354 646 16
355 393 44
355 513 58
355 823 44
355 560 76
356 759 44
356 476 63
356 414 20
356 501 51
357 559 50
357 682 82
357 975 120
357 516 77
357 960 29
357 387 145
357 464 59
357 899 61
357 742 63
357 817 104
358 744 102
358 448 7
358 831 76
358 410 10
358 710 76
358 725 1
358 445 22
358 368 168
358 821 89
358 546 95
358 464 85
358 630 16
359 992 78
359 926 49
359 646 51
359 500 93
359 661 107
359 445 1
359 871 20
359 404 1
359 852 119
359 513 16
359 520 50
360 821 71
360 877 1
360 433 42
360 882 30
360 584 2
360 661 75
360 607 91
361 461 109
361 903 108
361 581 1
361 783 1
361 578 50
361 510 165
361 505 52
361 926 97
361 642 151
362 506 68
362 646 97
362 420 15
362 400 106
362 761 2
362 470 86
362 642 45
362 830 24
363 947 5
363 986 43
363 436 1
363 832 102
363 656 43
363 491 69
363 476 27
364 653 1
364 521 83
364 435 121
364 824 10
364 649 131
365 689 7
365 924 14
365 998 22
365 902 2
365 633 112
365 426 79
365 880 191
365 554 70
366 622 91
366 687 93
366 805 136
366 729 37
366 834 37
366 397 45
366 579 24
366 682 31
366 673 145
366 809 90
367 543 36
367 666 1
367 915 25
367 716 112
367 978 3
367 706 95
367 951 66
367 870 129
367 853 58
368 430 1
368 539 82
368 752 82
368 639 6
368 683 60
368 767 120
368 644 1
368 509 123
368 826 58
368 833 164
368 872 93
368 769 29
368 915 97
368 761 50
369 403 10
369 743 84
369 811 1
369 962 1
369 548 13
369 504 34
369 728 1
369 626 85
369 447 1
369 429 16
369 404 56
369 868 2
369 796 1
369 490 76
369 943 161
370 729 90
370 826 73
370 484 26
370 855 58
370 482 1
370 442 1
370 924 73
370 485 83
370 452 68
371 861 117
371 762 113
371 778 103
372 484 1
372 429 86
372 878 120
373 455 18
373 587 1
373 589 18
374 968 1
374 720 45
374 612 7
374 975 24
374 462 59
375 434 113
375 998 1
375 504 132
376 590 62
376 926 62
376 738 1
377 680 28
377 783 79
377 984 141
377 845 29
378 398 32
378 411 13
378 761 1
378 956 46
378 502 54
378 433 55
378 450 20
378 408 1
378 573 1
378 543 59
379 500 93
379 723 104
379 559 43
379 909 50
379 809 60
379 642 42
379 984 32
380 851 124
380 516 119
380 507 139
380 459 90
380 537 82
380 786 65
381 486 28
381 501 1
381 619 27
381 973 1
381 597 34
381 588 31
381 475 98
381 566 20
382 700 35
382 428 1
382 868 47
382 808 145
382 718 15
383 400 47
383 574 57
383 803 13
383 853 56
383 690 52
383 788 37
383 472 33
383 896 86
384 462 1
384 838 61
384 976 43
384 958 51
384 679 63
384 677 1
384 881 106
384 676 39
384 467 38
384 862 11
384 388 43
384 710 1
384 432 11
385 954 125
385 795 58
385 761 45
385 982 1
385 830 74
385 518 1
385 663 75
386 801 58
386 430 112
386 571 1
386 495 36
386 555 76
387 444 1
387 767 137
387 721 69
387 835 52
387 777 1
387 816 106
387 904 7
387 540 49
387 480 1
387 714 4
387 397 15
387 457 49
388 678 90
388 452 42
388 696 25
388 779 48
388 566 5
388 570 126
388 666 5
388 623 1
388 795 11
389 900 73
389 505 101
389 717 57
389 735 1
390 613 90
390 683 1
390 938 67
390 563 1
391 769 68
391 990 49
391 525 39
391 672 69
391 727 101
391 867 116
392 426 1
392 626 77
392 788 71
392 726 68
392 789 7
392 653 76
392 540 87
392 714 1
392 866 111
393 529 5
393 443 69
393 552 28
393 608 68
394 558 43
394 510 76
394 848 36
394 877 1
394 932 33
394 680 146
394 638 1
394 598 33
394 954 44
394 617 81
394 721 1
395 606 98
395 958 121
395 665 50
395 403 75
395 880 88
395 568 113
396 892 167
396 830 69
396 429 41
396 935 57
396 620 87
396 646 136
396 738 1
396 904 1
397 557 1
397 695 125
397 769 108
397 425 70
397 725 131
397 913 97
398 883 41
398 770 95
398 575 110
399 812 49
399 602 76
399 480 139
399 530 89
399 986 43
399 583 1
399 742 68
399 711 146
400 985 37
400 910 76
400 706 70
400 711 67
400 555 118
400 813 82
400 708 100
400 616 90
400 916 48
400 410 105
400 606 22
400 634 45
401 491 66
401 422 60
401 575 12
401 439 18
401 728 1
401 443 1
401 586 17
401 724 54
401 671 64
402 494 1
402 981 78
402 490 57
402 630 3
402 854 1
402 873 94
402 726 149
402 526 126
403 437 32
403 594 136
403 629 41
403 612 1
403 471 110
403 728 1
403 886 47
403 907 106
403 952 10
403 887 71
404 946 30
404 580 1
404 874 56
404 671 105
404 765 43
405 511 1
405 861 17
405 940 84
405 783 146
405 908 119
405 408 60
405 498 50
406 770 171
407 506 95
407 487 42
407 791 27
407 498 62
408 488 50
408 750 13
408 644 34
408 861 80
408 692 148
408 617 80
408 624 74
408 727 25
408 912 25
409 909 124
409 820 1
409 791 43
409 977 1
409 449 70
409 767 53
409 993 3
409 997 110
410 802 107
410 443 44
410 532 1
410 434 100
410 550 60
410 467 53
410 585 71
411 427 98
411 594 100
411 541 87
411 881 121
411 761 114
411 529 1
411 996 88
412 489 35
412 661 66
412 736 52
412 983 102
412 474 65
412 582 91
413 423 175
413 752 44
413 771 105
414 433 39
414 697 45
414 769 52
414 591 132
414 584 129
415 879 36
415 714 60
415 769 9
415 599 40
415 499 47
416 635 69
416 866 1
416 727 117
416 654 84
416 532 1
416 979 42
416 643 6
416 924 40
416 564 107
416 641 25
416 739 83
416 816 1
416 754 63
416 701 1
416 995 69
417 568 100
417 957 1
417 935 77
417 805 28
417 532 1
417 951 60
418 491 45
418 677 1
418 421 1
418 433 129
418 445 75
418 768 99
419 903 76
419 692 1
419 545 106
419 897 71
419 835 18
419 767 87
420 620 33
420 754 86
420 860 29
420 974 90
420 437 75
420 616 73
421 546 1
421 791 61
421 624 79
421 772 54
422 549 1
422 966 1
422 670 1
422 892 60
422 750 60
423 448 78
423 686 114
423 574 4
424 683 1
424 835 36
424 535 1
424 731 23
424 736 29
425 449 12
425 438 80
425 957 39
425 688 48
425 738 52
425 664 97
425 929 5
426 897 52
426 922 11
426 585 1
426 749 41
426 579 53
427 557 66
427 907 58
427 996 85
427 862 12
427 480 26
427 735 38
427 533 117
427 976 112
427 900 1
428 658 1
428 699 34
428 949 108
428 486 51
428 494 98
428 590 13
429 584 1
429 654 73
430 883 86
430 935 1
430 755 6
430 775 29
430 895 137
430 610 43
430 536 25
430 790 80
431 836 30
431 593 31
431 650 60
431 845 1
431 469 115
431 484 79
432 684 1
432 802 26
433 704 65
433 862 56
433 727 55
433 659 1
433 927 44
433 874 49
433 611 15
433 916 97
433 614 35
433 859 83
433 636 97
433 729 9
433 877 41
434 864 77
434 957 60
434 737 43
434 487 1
435 596 62
435 848 64
435 852 1
435 901 58
435 637 194
435 601 57
435 529 21
436 499 150
436 492 41
436 512 95
437 644 36
437 876 66
437 946 61
437 899 63
437 797 113
438 705 15
438 773 43
438 656 164
438 577 113
438 928 2
439 769 50
439 935 1
439 684 1
439 616 41
439 893 42
440 595 2
440 565 76
440 880 89
440 489 1
440 491 59
440 723 55
441 503 20
441 749 119
441 708 75
441 495 56
441 924 74
441 684 101
441 982 192
441 442 97
441 812 160
441 927 38
442 728 1
443 854 129
443 881 107
443 538 115
443 851 80
443 449 79
443 488 50
444 996 11
444 833 31
444 602 6
444 775 62
445 793 1
445 953 104
445 764 82
445 969 64
446 550 126
446 997 37
446 879 54
446 761 115
446 688 1
446 948 25
446 787 22
446 500 9
446 639 92
447 990 56
447 901 76
447 707 42
447 571 1
447 550 83
447 763 12
447 980 54
447 478 65
447 897 1
447 729 79
448 851 1
448 895 1
448 638 5
448 983 63
449 577 1
449 615 1
449 726 65
449 662 1
449 583 19
449 510 56
449 966 52
450 854 60
450 920 114
450 775 58
450 453 94
450 699 18
450 694 191
450 468 2
450 999 2
451 569 27
451 761 1
451 935 72
451 974 25
451 573 128
451 473 26
452 920 50
452 472 53
452 457 20
452 625 1
452 815 6
452 710 45
453 617 1
453 686 23
453 702 89
453 634 1
453 553 127
454 643 93
454 915 70
454 740 99
454 887 28
454 802 30
455 459 113
455 535 64
455 682 17
455 625 20
455 684 15
455 953 63
455 686 118
456 758 36
456 562 4
456 653 19
457 922 34
457 923 26
457 468 75
458 506 138
458 984 9
458 777 96
458 751 83
458 728 65
458 754 83
459 507 47
459 581 41
459 811 79
459 487 123
459 953 4
459 952 40
460 555 42
460 922 35
460 489 92
461 674 1
461 720 1
461 842 62
461 852 48
461 774 127
461 563 30
461 830 4
462 631 1
462 677 45
462 806 151
462 995 92
462 525 60
462 919 49
463 809 46
463 995 69
463 805 51
463 586 68
463 690 59
463 654 1
463 686 1
463 892 109
463 911 70
463 535 82
463 814 9
463 658 44
464 792 44
464 777 45
464 766 144
464 625 15
465 953 58
465 570 93
465 820 1
465 615 8
465 960 52
465 756 1
466 650 49
466 969 65
466 984 6
466 760 45
467 625 36
467 488 101
467 665 1
467 883 1
467 935 20
468 475 32
468 526 56
468 866 1
468 830 1
468 471 59
468 940 66
468 498 1
468 681 52
469 858 162
469 629 1
469 493 29
470 745 65
470 765 36
470 594 32
470 887 59
470 653 1
470 839 26
470 748 63
471 778 75
471 986 55
471 560 117
471 864 105
471 896 117
471 751 30
471 809 21
471 724 132
471 746 11
472 593 57
472 625 67
472 638 1
472 686 67
473 924 13
473 568 61
473 886 45
473 548 112
473 960 23
474 556 1
474 723 1
474 751 27
474 896 58
474 727 16
475 561 26
475 980 121
475 864 55
475 618 39
475 972 1
475 523 20
475 739 73
475 962 95
475 994 27
475 782 7
475 810 104
475 573 4
475 615 41
475 727 111
475 628 59
475 585 94
475 956 32
476 853 50
476 592 1
476 878 60
476 736 39
476 550 1
476 780 14
476 567 80
477 620 57
478 875 7
478 642 13
478 888 25
478 729 79
478 664 40
478 585 75
478 483 17
478 616 33
479 905 70
479 886 157
479 790 17
479 603 57
479 968 55
479 685 160
480 520 1
480 817 104
480 704 64
480 664 21
481 710 52
481 482 15
481 842 16
481 962 99
481 558 39
481 981 1
481 769 36
481 874 111
482 575 18
482 956 50
482 690 106
482 759 70
482 544 1
483 951 158
483 748 17
483 940 12
483 875 8
483 557 97
483 900 91
483 726 3
484 817 66
484 678 1
484 666 2
484 858 124
484 630 1
484 705 16
484 711 57
484 567 3
484 624 97
485 547 42
485 512 56
485 625 26
485 923 1
486 842 87
486 732 151
486 929 90
486 601 10
486 552 48
486 782 115
487 830 6
487 995 63
487 717 38
487 704 107
487 836 32
487 925 42
488 591 79
488 698 85
488 572 24
488 821 114
488 620 22
488 796 96
488 960 126
489 723 10
489 956 162
489 687 38
489 572 65
489 948 100
489 857 1
490 731 68
490 744 105
490 901 1
490 883 22
490 752 6
490 983 107
490 854 64
491 592 55
491 648 61
491 849 105
491 714 138
491 835 127
491 831 1
492 644 81
492 534 1
492 627 31
492 687 38
492 886 69
492 794 89
493 748 47
493 704 9
494 774 113
494 660 1
494 815 70
495 562 51
495 797 1
495 920 52
495 775 149
495 840 26
495 590 77
495 616 106
495 660 172
496 499 146
496 888 3
496 904 37
496 625 39
496 552 44
497 918 1
497 945 14
497 627 67
497 691 89
497 850 85
498 878 1
499 541 64
499 705 1
499 855 105
499 704 199
499 901 13
499 840 18
500 816 1
500 862 41
500 628 45
500 799 41
500 680 58
501 883 108
501 906 31
501 974 115
501 575 22
501 786 30
501 689 1
501 770 7
501 884 1
502 954 1
502 798 33
502 868 9
503 690 55
503 880 19
503 770 112
503 658 121
504 995 3
504 883 53
504 562 52
504 590 103
504 564 1
504 991 3
504 610 33
505 997 127
505 645 18
505 714 92
505 572 56
505 934 1
505 549 23
505 880 58
505 922 119
506 767 1
506 549 50
506 692 1
506 542 91
506 787 89
506 522 170
507 663 86
507 684 110
507 677 77
507 938 78
508 983 37
508 938 1
508 943 84
508 753 104
508 734 1
509 933 10
509 773 96
509 914 50
509 722 1
510 710 27
510 917 77
510 683 34
510 666 29
510 777 134
510 792 76
511 601 1
511 883 59
511 625 1
511 617 37
511 919 84
511 950 1
511 913 51
512 703 49
512 967 24
512 681 1
512 598 14
513 721 104
513 797 86
513 865 10
513 664 1
513 562 2
513 795 32
513 541 1
513 733 86
513 689 1
514 791 80
514 764 24
514 750 1
514 919 87
514 663 87
514 982 2
514 595 113
515 825 91
515 754 125
515 665 71
515 980 67
515 694 1
516 787 28
516 930 51
516 993 37
516 814 145
516 650 46
516 589 74
516 907 118
516 970 21
517 877 102
517 786 116
517 624 40
517 752 53
518 846 28
519 590 102
519 901 102
519 913 44
519 829 170
520 521 31
520 964 123
520 787 101
520 957 191
520 719 50
521 739 114
521 708 2
521 803 1
521 986 63
521 585 35
522 537 1
522 768 97
523 758 1
523 873 10
523 585 44
523 695 64
523 858 115
523 996 33
523 631 79
523 681 41
524 911 1
524 556 1
524 878 1
524 638 1
524 709 1
524 593 1
524 558 122
524 562 19
524 607 123
524 615 154
524 552 100
524 710 10
525 666 1
525 959 95
525 861 66
525 765 29
525 555 77
525 945 1
526 776 84
526 875 95
526 894 112
526 807 108
526 631 73
526 739 78
526 831 109
527 993 36
527 860 51
527 954 61
527 792 45
527 886 46
527 967 1
527 972 79
527 767 46
528 709 44
528 781 155
528 679 143
528 616 81
528 696 67
529 852 1
529 917 1
529 796 1
529 567 42
530 550 137
530 946 91
530 626 114
531 865 7
531 920 27
531 939 10
531 622 1
531 578 1
531 554 4
531 906 3
532 962 80
532 667 97
532 996 70
532 922 77
532 566 58
534 574 69
534 872 35
534 993 45
534 803 68
534 835 24
534 562 42
534 607 72
534 667 54
534 922 111
534 818 50
534 891 1
535 797 42
535 914 22
535 668 206
535 730 2
535 784 92
535 673 64
535 781 55
536 893 11
536 905 1
536 848 61
536 901 38
536 786 53
536 947 53
536 755 1
536 944 18
536 799 113
536 604 79
536 699 55
536 851 114
537 745 88
537 620 70
537 565 37
537 965 32
537 617 16
537 983 43
537 847 52
537 634 1
538 545 37
538 830 15
538 922 124
538 594 33
538 641 64
538 935 17
539 764 58
539 776 24
539 542 1
539 953 15
539 847 62
539 943 62
539 753 59
540 747 29
540 997 30
541 660 68
541 951 16
541 607 118
541 906 62
541 705 1
541 965 47
541 579 54
541 600 84
541 805 12
541 763 122
541 844 100
541 926 88
541 626 95
542 571 39
542 790 42
542 884 1
542 810 55
542 622 75
542 679 1
543 962 72
543 868 1
543 666 88
543 834 113
543 850 83
543 916 6
544 817 110
544 779 1
544 755 1
544 750 57
545 668 189
545 693 24
545 619 31
545 720 153
546 641 37
546 865 36
546 837 107
546 779 1
546 609 79
547 611 63
547 609 87
547 636 91
547 992 12
547 973 80
548 660 76
548 989 25
548 791 52
548 878 108
548 996 181
549 941 40
550 866 1
550 983 36
550 769 10
550 578 113
550 880 94
550 714 2
550 716 1
550 922 58
551 954 37
551 871 12
551 794 52
551 629 47
552 683 1
552 660 1
552 900 36
552 729 84
553 597 48
553 823 34
553 630 88
553 862 28
553 625 92
553 793 103
554 905 106
554 975 107
554 756 76
555 575 13
555 999 78
555 894 1
555 880 52
556 904 33
556 937 46
556 709 8
556 748 68
556 743 25
557 580 1
557 687 6
557 838 3
557 716 34
557 932 55
557 735 97
557 857 1
557 937 1
558 672 20
558 839 92
558 758 145
558 735 1
558 712 83
559 707 75
559 644 55
559 946 90
559 721 39
560 647 40
560 828 87
560 780 1
561 890 64
561 690 73
561 626 127
561 797 41
562 807 64
562 705 75
562 990 69
562 815 26
562 633 29
562 937 41
562 568 1
563 817 95
564 642 1
564 654 98
564 800 147
564 896 32
565 777 155
565 726 18
565 696 94
566 971 42
566 717 1
566 937 143
566 674 40
566 616 2
566 948 75
566 834 85
567 876 109
567 912 46
567 892 62
567 998 50
567 809 1
567 960 1
568 926 74
568 886 71
568 630 82
569 859 76
569 693 45
569 771 1
569 855 40
569 928 40
570 660 69
570 805 88
570 890 15
571 618 1
571 814 40
571 997 18
571 939 2
571 871 129
571 888 76
571 720 72
571 740 109
572 843 79
572 799 98
573 607 58
573 858 80
573 915 74
573 936 43
573 751 88
574 947 2
574 601 77
574 747 1
574 777 96
575 763 116
575 634 21
575 798 31
575 696 60
576 973 57
576 971 3
576 802 120
576 996 42
576 945 132
577 614 94
577 835 90
577 795 22
578 943 108
578 948 1
578 796 6
578 748 56
578 662 62
578 604 37
578 695 64
578 974 1
578 797 31
578 899 77
578 994 54
579 640 120
579 753 1
579 914 46
579 817 1
579 960 67
579 722 34
579 760 115
579 832 57
579 586 72
579 922 9
579 820 61
580 868 1
580 853 55
580 675 78
580 805 129
581 917 59
581 764 1
581 598 11
581 956 108
582 798 38
582 815 128
582 877 37
582 912 199
582 821 109
582 891 18
582 732 78
583 871 107
583 743 125
583 996 1
583 666 43
584 969 40
584 971 19
584 594 80
584 880 72
585 613 1
585 722 62
585 729 114
585 775 12
586 908 1
586 858 156
586 853 121
586 616 135
586 963 110
586 878 40
586 691 1
587 702 36
587 969 46
587 894 1
588 609 86
588 700 115
588 785 43
588 754 84
588 699 76
588 936 99
588 758 11
588 759 85
589 852 24
589 996 146
589 665 4
589 822 33
589 694 1
590 848 9
590 769 39
590 890 64
590 788 38
591 790 17
591 645 1
591 774 64
591 612 1
591 752 179
591 851 1
592 682 1
592 975 41
592 655 166
592 729 18
593 647 39
593 858 1
593 635 32
593 943 50
593 892 74
593 810 23
593 839 70
594 610 60
594 700 41
594 781 58
594 659 33
594 693 12
595 724 70
595 945 83
595 782 24
596 747 53
596 890 16
596 920 1
597 950 111
597 801 53
597 935 1
597 958 76
597 660 22
597 685 93
598 664 76
598 924 103
598 827 44
599 676 79
599 881 83
599 917 69
600 945 24
600 836 92
600 634 50
600 741 36
600 698 39
600 617 74
601 618 1
601 777 1
601 740 1
602 935 63
602 878 50
602 718 1
603 775 100
603 962 107
603 707 63
604 690 24
604 710 17
605 929 7
605 739 31
605 881 47
605 954 112
605 946 3
605 762 58
606 834 69
606 919 55
607 886 5
607 995 48
608 821 84
608 741 86
608 707 36
608 665 73
608 685 45
608 722 86
608 813 53
609 779 20
609 917 83
609 979 1
609 729 87
610 728 62
610 704 114
610 800 1
610 861 33
610 875 18
611 770 95
611 694 62
611 833 26
611 645 101
611 938 8
612 921 93
612 735 118
612 677 1
613 678 13
613 684 125
613 915 23
613 756 65
613 875 51
614 645 21
614 675 33
614 763 74
614 663 5
614 877 91
614 856 45
614 701 32
615 619 45
615 851 1
615 745 51
616 756 9
616 935 45
616 755 1
617 636 92
617 743 1
617 805 1
617 730 73
617 871 41
618 925 78
618 905 109
618 687 96
619 835 71
619 1000 21
620 772 117
620 817 108
620 867 38
620 696 55
621 958 84
621 893 3
622 998 78
622 881 34
622 886 1
622 823 7
622 741 13
622 661 27
623 641 18
623 850 1
623 735 46
623 679 108
623 841 69
623 698 21
624 725 100
624 741 73
624 626 94
624 886 75
624 851 65
624 724 105
624 968 59
624 712 62
624 934 114
624 629 23
625 984 60
625 905 47
626 716 39
626 695 54
626 806 1
626 929 94
626 895 59
626 667 7
626 984 1
627 721 1
627 879 1
627 999 22
627 655 1
628 758 36
628 786 49
628 896 86
628 720 23
629 641 17
629 729 28
629 971 1
630 795 118
631 987 1
631 678 118
631 877 1
631 725 90
631 862 11
631 686 24
632 832 1
632 745 96
632 768 146
632 830 71
633 960 70
633 734 67
633 686 121
633 758 89
634 974 30
634 953 1
634 997 79
634 780 90
635 774 1
635 831 1
635 729 36
635 697 28
636 675 118
636 713 147
637 909 8
637 976 55
638 942 1
638 990 192
638 950 1
638 768 73
639 822 111
639 966 1
639 895 35
639 927 61
640 866 1
640 852 83
640 758 59
640 760 99
640 794 99
641 723 74
641 859 63
641 975 93
642 730 26
642 728 1
642 964 1
642 830 39
642 860 50
642 683 136
642 805 1
642 995 23
643 802 45
643 765 73
643 809 49
643 853 1
643 916 94
644 837 40
644 941 49
644 855 24
644 766 137
644 935 115
645 705 55
645 947 78
646 681 1
646 658 99
647 796 125
647 674 78
647 831 51
647 776 55
647 684 1
648 753 106
648 985 69
648 805 8
648 745 93
649 687 1
649 789 65
649 750 60
650 661 36
650 734 1
650 846 1
650 879 89
650 786 86
650 834 103
650 912 20
651 729 81
651 871 68
652 667 59
652 750 45
652 797 133
652 990 49
652 909 97
652 960 109
652 747 89
653 897 65
653 868 55
654 787 39
655 804 1
655 726 11
655 713 81
655 963 104
656 917 67
656 821 34
656 964 41
656 945 47
656 712 40
656 753 118
657 833 136
657 767 128
657 910 75
657 671 22
657 730 83
657 964 91
657 701 1
657 991 97
658 917 43
658 928 81
658 974 64
658 729 24
658 736 132
658 926 1
658 907 66
658 865 78
658 843 36
659 791 17
659 818 30
659 908 110
659 750 58
660 724 39
660 782 4
660 887 28
660 793 66
660 805 48
660 970 1
661 806 53
661 744 118
661 938 44
662 725 47
662 701 8
662 894 44
663 921 1
663 963 37
663 972 78
663 957 57
664 995 128
664 736 78
665 902 1
665 958 144
665 913 79
666 960 2
666 749 127
666 889 1
666 670 1
666 673 85
666 949 20
667 715 35
667 917 74
667 981 42
668 692 114
668 963 25
669 831 159
669 880 101
669 999 58
669 839 1
669 715 77
669 956 91
669 749 61
670 900 1
670 856 62
670 976 1
670 680 30
671 932 89
671 994 40
671 798 55
671 672 48
671 699 131
671 864 86
672 696 17
672 895 102
672 730 53
672 957 100
672 883 1
673 716 42
673 920 1
673 693 75
674 710 53
674 841 1
675 873 1
675 876 19
675 990 1
675 755 1
675 963 7
676 728 36
676 733 70
676 848 55
676 885 75
676 706 124
676 951 118
676 762 91
677 955 58
677 833 58
677 821 1
678 768 68
678 980 101
678 844 36
678 767 51
679 991 143
679 942 29
679 903 79
679 702 12
679 795 3
679 906 109
679 901 96
680 1000 54
681 760 72
682 868 19
682 987 50
682 853 99
682 816 15
683 831 67
683 684 1
684 692 137
684 897 27
684 902 39
684 877 68
685 880 87
685 943 54
686 934 123
687 712 81
687 804 1
687 845 83
687 970 1
688 867 97
688 943 12
689 922 15
689 805 1
689 777 49
689 755 24
689 961 61
690 961 68
690 702 34
690 815 1
691 984 74
691 733 1
692 725 96
692 901 90
692 765 20
693 694 81
693 836 1
694 786 57
694 881 32
694 702 1
694 899 71
694 735 34
694 979 1
694 785 126
694 830 1
695 874 27
695 916 67
695 819 48
696 887 29
696 982 1
696 792 58
696 770 76
696 757 95
697 857 47
698 730 82
698 905 126
698 886 21
699 818 172
699 997 105
700 708 94
700 720 26
700 900 1
701 942 120
701 820 23
701 897 1
701 847 1
702 782 1
702 850 20
702 806 63
702 799 53
703 942 7
703 822 84
704 854 100
704 902 77
704 991 32
704 822 1
704 802 71
704 820 30
705 982 26
705 833 55
705 727 66
705 815 17
705 925 87
705 932 137
706 890 34
706 878 49
706 837 118
706 807 40
706 960 1
706 791 133
706 841 153
707 719 89
707 871 78
707 749 1
708 714 1
708 857 48
708 966 1
708 874 55
708 720 48
708 928 84
709 979 133
709 727 94
709 724 105
710 916 70
711 748 133
711 720 90
711 996 59
711 814 119
712 764 23
712 771 1
713 959 10
713 821 100
713 997 83
714 770 77
715 933 10
715 960 98
716 891 66
716 833 1
718 779 1
718 994 19
718 925 92
719 818 1
719 819 57
719 796 48
719 959 1
719 922 1
720 852 1
720 981 52
720 998 121
720 771 34
720 967 85
720 759 97
720 820 110
720 890 1
721 780 41
721 783 61
722 756 61
722 844 71
722 954 87
722 833 13
722 767 82
722 795 13
723 953 19
723 978 91
723 968 29
723 942 28
724 796 49
724 950 59
724 886 1
724 921 1
725 980 106
725 882 1
725 888 40
725 821 35
725 791 63
726 803 17
726 858 31
726 774 44
726 796 84
726 815 67
726 842 105
727 870 29
727 871 40
728 948 13
728 907 58
728 729 83
729 949 1
729 885 45
729 809 123
729 923 96
729 976 45
729 768 39
730 951 58
730 829 150
730 823 69
731 825 60
731 895 77
731 971 1
732 783 1
732 770 44
732 829 48
732 756 76
733 942 30
733 746 99
733 992 1
733 823 1
734 781 97
734 817 46
734 935 30
735 765 108
735 937 38
735 982 1
736 990 142
737 758 86
737 884 82
737 757 46
738 988 69
738 849 79
738 787 1
739 810 1
739 962 88
739 887 105
740 1000 6
740 848 39
740 764 1
741 846 25
742 992 40
742 825 63
743 859 90
743 966 62
744 828 84
745 829 75
745 921 59
745 774 26
746 944 75
746 757 20
746 983 15
746 764 11
747 772 1
747 862 9
747 919 54
748 907 145
748 867 42
748 942 64
748 908 77
749 845 7
749 926 10
749 857 1
750 810 74
750 968 53
750 824 83
751 768 28
751 784 75
751 852 93
753 938 98
754 870 64
754 889 30
754 912 68
754 899 63
754 806 76
755 927 47
756 802 78
756 940 34
756 837 75
756 927 1
756 935 66
757 893 65
757 847 34
758 808 96
758 874 1
758 921 79
758 784 106
758 770 44
758 968 40
759 994 94
759 949 4
760 911 94
762 948 1
762 978 111
762 816 4
762 992 88
763 935 65
763 917 85
764 989 46
764 923 76
764 800 53
764 853 28
764 903 48
764 961 1
765 855 26
765 838 1
765 973 58
765 814 95
766 770 7
766 776 1
768 891 1
768 986 40
768 935 1
769 855 52
769 918 18
770 841 24
770 992 55
771 930 1
771 782 86
772 996 110
772 809 1
772 921 39
772 811 29
772 791 92
772 832 49
772 941 20
773 935 1
773 799 115
773 850 25
774 814 75
775 899 41
775 881 50
775 779 1
775 818 90
775 780 1
775 917 62
775 794 7
775 832 79
776 782 97
777 991 36
777 963 54
777 889 55
778 994 49
778 920 8
778 884 48
779 808 104
780 940 35
780 995 71
780 875 30
781 794 78
781 827 1
781 939 33
781 954 1
781 880 1
781 942 56
783 878 41
783 920 28
784 856 1
784 818 65
785 839 83
785 972 75
785 927 1
785 797 95
786 821 33
786 878 24
788 993 58
789 820 37
790 994 1
790 837 31
790 940 36
790 801 1
791 895 32
791 994 83
792 939 34
792 987 141
792 894 1
792 976 72
792 888 37
793 920 1
794 875 16
794 959 15
794 816 199
794 973 80
795 929 87
796 886 69
797 964 1
798 923 26
799 937 21
799 956 96
799 893 23
799 940 77
800 913 41
800 893 64
800 932 1
801 970 89
801 977 107
802 907 1
802 837 1
802 917 67
803 818 118
803 860 48
803 927 73
804 852 56
804 955 60
804 976 90
805 806 112
806 852 77
806 870 14
806 953 90
807 840 24
807 954 20
808 944 8
808 827 57
808 850 64
809 968 132
809 883 60
811 991 27
812 932 21
813 882 93
813 942 17
813 814 7
813 885 76
814 913 83
814 848 27
814 919 136
815 908 1
815 944 9
815 898 67
816 987 29
816 844 121
816 881 112
816 926 19
817 992 108
817 831 129
817 909 1
817 835 32
817 886 5
818 906 85
819 980 75
819 836 87
820 952 1
820 969 1
820 859 140
820 972 1
820 948 1
821 941 37
821 940 59
821 934 50
822 916 1
822 921 30
822 975 56
823 902 1
823 913 69
824 939 102
825 829 13
825 899 1
825 990 16
827 941 85
827 899 102
827 882 77
827 996 12
828 954 41
829 955 136
829 933 84
830 925 70
830 971 85
830 984 18
831 850 1
832 913 3
832 966 1
832 968 1
833 882 118
834 876 45
834 859 54
834 947 104
834 898 127
834 951 47
836 921 104
837 894 23
837 946 123
837 990 8
838 946 92
838 853 50
839 958 1
839 895 49
839 976 10
839 970 75
839 868 1
839 881 66
840 984 88
841 872 1
841 859 48
844 849 52
845 961 92
846 848 99
846 868 42
848 863 41
848 930 1
849 887 1
849 950 118
850 884 1
850 942 117
850 988 112
850 886 89
851 887 60
853 917 1
853 884 18
854 870 30
854 966 26
854 993 19
855 999 1
855 940 48
857 953 58
857 892 44
858 941 1
858 959 1
859 994 38
859 954 30
860 872 42
860 978 26
860 914 44
861 982 1
861 997 63
862 922 62
863 901 137
863 909 115
864 908 54
865 952 1
865 932 78
867 900 89
868 901 12
869 923 59
869 877 82
870 922 8
871 954 98
871 931 118
871 888 1
872 947 1
876 951 1
878 932 82
879 956 1
881 972 151
881 908 83
882 995 66
882 936 58
883 888 6
884 979 49
884 942 51
884 886 1
885 891 51
885 959 1
887 888 89
887 992 57
888 998 138
889 975 63
889 977 61
892 950 46
894 984 70
895 960 74
895 937 13
895 994 8
896 933 67
896 914 101
896 905 33
897 909 115
897 970 62
900 922 51
900 1000 51
901 949 37
902 973 1
902 998 78
902 907 81
902 987 109
903 913 27
903 965 1
903 916 1
906 917 3
908 992 36
909 955 24
909 989 1
909 970 1
909 913 145
911 919 120
912 971 30
912 984 8
915 977 81
915 963 74
915 960 47
916 978 100
918 947 78
919 988 1
920 924 28
923 972 87
924 929 57
924 949 45
925 952 18
926 991 102
927 978 101
927 984 50
928 962 84
928 998 90
931 936 85
932 965 30
935 950 58
936 996 162
938 981 59
939 983 133
940 980 32
941 969 1
941 1000 137
942 981 1
943 957 29
943 959 14
944 957 1
944 1000 15
947 971 72
948 976 30
948 985 78
949 992 1
956 996 28
957 994 1
958 965 11
958 997 1
960 967 79
961 975 93
963 970 43
965 1000 94
973 998 90
975 993 46
976 1000 68
984 997 44
987 997 12
