1 2 48
1 6 41
1 275 41
1 585 63
1 26 87
1 701 53
1 567 1
1 229 3
1 590 36
1 418 1
1 912 1
1 416 148
1 8 1
1 738 73
1 313 111
1 126 31
2 3 142
2 4 46
2 8 63
2 11 1
2 14 32
2 35 14
2 42 30
2 47 5
2 569 113
2 830 1
2 935 45
2 996 36
2 524 8
2 224 1
2 296 88
2 930 64
2 818 1
2 249 18
2 225 1
2 12 78
2 87 1
2 481 1
2 986 38
2 928 67
2 305 52
3 5 104
3 299 32
3 314 47
3 898 105
3 925 63
3 362 41
3 402 86
3 495 58
3 420 99
3 170 109
3 996 100
3 670 43
3 553 81
3 157 120
3 543 40
3 261 82
3 363 103
3 91 17
3 589 1
4 7 132
4 18 101
4 37 65
4 256 72
4 364 94
4 785 1
4 423 154
4 680 60
4 540 99
4 374 58
4 461 7
4 705 87
4 82 10
4 33 43
4 219 37
4 209 11
4 324 48
4 55 1
4 599 125
4 147 16
5 9 1
5 189 93
5 229 24
5 465 92
5 726 1
5 932 91
5 281 66
5 474 1
5 630 1
5 624 1
5 559 1
5 799 24
5 614 36
5 551 65
5 107 81
5 358 105
5 79 29
5 652 77
5 40 12
5 211 43
5 336 83
5 80 1
5 791 1
5 870 1
5 698 1
5 971 1
6 15 48
6 826 20
6 182 134
6 648 18
6 80 165
6 1000 1
6 252 104
6 383 73
6 301 34
6 99 53
6 56 107
6 196 70
6 681 131
6 466 1
6 815 1
6 898 95
6 218 63
7 13 123
7 17 75
7 44 1
7 27 33
7 607 5
7 439 1
7 891 31
7 275 49
7 120 25
7 50 50
7 212 18
7 183 112
7 10 47
7 612 95
7 489 50
7 53 116
7 199 99
7 786 71
7 223 87
7 375 113
7 690 85
8 12 1
8 61 83
8 173 156
8 555 88
8 766 88
8 362 188
8 334 73
8 56 1
8 622 80
8 69 81
8 664 71
8 276 41
8 187 50
8 800 47
8 31 80
8 64 1
8 216 152
8 657 47
8 126 36
9 10 23
9 28 31
9 40 44
9 53 24
9 99 94
9 175 99
9 316 1
9 588 1
9 338 59
9 85 136
9 164 109
9 818 82
9 937 104
9 342 38
9 819 1
9 761 46
9 459 86
9 169 96
9 706 51
9 365 59
9 677 61
9 926 49
9 805 1
10 181 176
10 960 17
10 730 85
10 297 1
10 522 141
10 395 1
10 643 1
10 311 70
10 122 94
10 333 9
10 551 72
10 94 33
10 180 25
10 315 14
10 949 110
10 703 103
10 984 196
10 552 52
11 16 1
11 172 4
11 242 53
11 245 196
11 378 30
11 509 63
11 973 88
11 461 5
11 904 1
11 631 1
11 823 1
11 352 33
11 210 38
11 785 2
11 837 1
11 154 42
11 553 92
12 22 67
12 23 38
12 246 55
12 463 85
12 742 29
12 444 10
12 844 40
12 77 58
12 467 63
12 972 120
12 843 21
12 865 99
12 485 65
12 258 96
12 985 1
12 684 34
12 319 56
12 438 1
12 591 1
12 924 109
12 38 52
12 670 1
12 260 83
12 440 150
13 20 133
13 24 13
13 29 60
13 67 1
13 767 71
13 145 44
13 205 1
13 295 91
13 819 87
13 812 1
13 558 83
13 92 26
13 634 52
13 899 11
13 693 146
13 514 82
13 129 20
13 76 22
13 709 78
13 737 47
13 71 112
13 511 107
13 982 135
13 606 37
14 83 100
14 92 85
14 190 49
14 752 100
14 503 139
14 750 91
14 123 42
14 39 24
14 317 47
14 127 24
14 322 43
14 521 34
14 689 1
14 122 95
14 277 74
15 19 5
15 34 24
15 619 3
15 54 4
15 362 1
15 45 44
15 644 73
15 692 14
15 827 87
15 784 55
15 860 66
15 862 82
15 246 93
15 403 116
15 985 84
15 608 25
15 551 92
15 819 101
15 873 70
15 65 83
16 21 74
16 88 90
16 96 139
16 163 138
16 202 41
16 442 84
16 107 117
16 315 77
16 276 38
16 565 72
16 746 76
16 516 98
16 284 104
16 449 11
16 258 20
16 69 7
16 408 70
16 655 130
16 165 85
16 269 112
16 108 35
16 125 19
16 985 15
17 31 1
17 41 106
17 52 56
17 131 133
17 147 20
17 250 66
17 668 78
17 993 100
17 356 38
17 191 70
17 386 116
17 396 163
17 530 10
17 89 100
17 108 63
17 497 1
17 433 131
17 142 62
17 743 1
17 723 96
17 601 1
17 862 1
17 977 70
17 791 35
17 437 1
17 708 94
17 640 184
18 25 4
18 320 73
18 460 1
18 537 13
18 880 93
18 522 37
18 270 73
18 204 91
18 209 83
18 987 28
18 276 19
18 919 89
18 731 1
18 253 84
18 621 24
18 966 1
18 968 1
18 279 1
19 45 21
19 69 54
19 244 104
19 570 1
19 860 102
19 131 156
19 41 1
19 856 62
19 933 100
19 720 23
19 242 8
19 323 40
19 182 10
19 154 47
19 401 103
19 30 23
20 26 1
20 86 4
20 166 94
20 50 1
20 817 65
20 282 49
20 991 26
20 254 37
20 423 130
20 558 1
20 580 61
20 708 123
20 365 128
20 555 60
20 117 69
20 35 1
20 939 16
20 761 91
20 877 120
20 274 56
21 71 15
21 85 124
21 827 7
21 898 59
21 734 76
21 973 1
21 552 93
21 457 128
21 470 172
21 868 1
21 759 1
21 864 80
22 473 1
22 572 1
22 578 63
22 796 48
22 330 24
22 617 78
22 96 55
22 196 24
22 785 57
22 418 1
22 323 88
22 344 1
22 442 11
22 362 65
22 993 53
22 804 1
22 653 1
22 592 81
22 586 66
22 887 136
22 153 26
22 350 64
22 675 1
22 374 71
22 895 92
22 366 57
22 991 75
23 27 91
23 51 35
23 74 174
23 186 111
23 652 1
23 715 1
23 185 15
23 189 66
23 927 134
23 656 1
23 855 18
23 789 57
23 861 71
23 131 1
23 29 20
23 357 82
23 705 156
23 430 39
23 292 63
23 369 169
24 48 126
24 58 167
24 188 56
24 411 54
24 338 1
24 185 2
24 891 59
24 119 136
24 346 24
24 519 1
24 259 58
24 349 1
24 896 37
24 798 59
24 739 124
25 30 129
25 32 42
25 43 77
25 87 1
25 129 190
25 440 49
25 614 56
25 768 42
25 473 1
25 693 75
25 933 1
25 133 35
25 298 174
25 666 71
25 873 112
25 112 1
25 817 116
25 651 64
25 629 47
25 585 163
25 557 107
25 800 94
26 33 26
26 761 1
26 399 92
26 408 1
26 199 19
26 841 54
26 925 31
26 875 1
26 660 68
26 947 94
26 580 9
26 795 28
26 699 1
26 398 6
26 330 1
26 641 44
26 621 146
26 280 168
26 958 21
26 676 1
26 349 81
27 54 27
27 558 7
27 787 64
27 791 6
27 482 144
27 829 1
27 198 150
27 879 45
27 395 1
27 50 121
27 686 11
27 980 8
27 265 43
27 906 43
27 597 125
28 36 47
28 75 35
28 133 4
28 226 1
28 519 1
28 560 62
28 888 29
28 834 39
28 271 70
28 139 168
28 656 19
28 514 75
29 536 83
29 254 1
29 329 24
29 168 78
29 529 97
29 88 10
29 584 42
29 50 46
29 90 29
29 570 5
29 701 66
29 760 65
29 149 39
29 271 22
29 838 21
29 509 1
29 199 70
29 981 44
29 388 2
29 346 48
30 60 62
30 118 88
30 31 16
30 500 73
30 105 4
30 811 121
30 619 113
30 351 50
30 211 81
30 494 1
30 103 85
30 84 1
30 260 153
30 382 92
30 69 117
30 919 81
30 760 76
30 158 16
30 624 1
31 82 49
31 545 99
31 581 94
31 828 71
31 80 125
31 569 130
31 439 81
31 89 72
31 588 1
31 397 182
31 72 51
31 858 1
31 511 27
31 458 1
31 523 66
31 435 82
31 370 1
31 700 110
31 227 57
31 117 162
31 560 1
31 357 2
31 959 44
31 694 23
31 432 1
31 904 55
32 49 17
32 398 8
32 744 1
32 450 58
32 709 90
32 413 55
32 772 5
32 672 85
32 838 145
32 326 43
32 802 81
32 658 114
32 561 99
32 513 59
32 874 59
32 785 88
32 519 7
32 132 67
32 414 101
32 288 66
32 206 66
33 62 10
33 218 36
33 238 104
33 248 14
33 354 1
33 540 197
33 599 119
33 790 89
33 836 51
33 343 29
33 954 72
33 60 27
33 295 89
33 438 42
33 91 10
33 647 128
33 738 124
33 871 40
33 390 145
33 839 27
34 191 62
34 361 81
34 425 47
34 267 52
34 221 1
34 981 93
34 960 81
34 791 2
34 625 138
34 228 32
34 648 72
34 431 32
34 493 35
35 38 25
35 39 60
35 108 41
35 648 1
35 595 71
35 805 76
35 796 87
35 309 7
35 903 23
35 383 110
35 752 1
35 79 55
35 314 77
35 80 1
35 612 121
35 922 33
35 716 53
35 684 1
35 436 19
35 732 132
35 666 1
36 66 1
36 183 115
36 266 84
36 72 1
36 384 38
36 764 55
36 887 3
36 319 134
36 320 1
36 693 49
36 648 129
37 414 65
37 455 12
37 644 135
37 600 79
37 498 1
37 196 28
37 786 63
37 885 73
37 999 64
37 43 22
37 188 155
37 724 80
37 267 96
37 734 1
37 721 74
37 51 110
37 560 28
37 551 58
38 97 112
38 180 48
38 884 58
38 302 87
38 240 1
38 239 10
38 543 58
38 143 1
38 950 1
38 362 49
38 926 7
38 465 1
38 978 138
38 448 23
38 573 11
38 748 68
38 159 24
38 776 35
38 903 110
39 182 5
39 196 86
39 874 37
39 460 48
39 496 107
39 225 19
39 818 79
39 282 113
39 826 119
39 894 33
40 106 133
40 138 35
40 162 1
40 243 42
40 336 42
40 380 39
40 69 59
40 982 75
40 269 99
40 945 47
40 410 47
40 656 7
40 804 106
40 301 29
40 108 7
40 109 27
40 651 33
40 646 30
40 187 92
40 541 1
40 257 25
40 858 50
40 660 64
40 114 59
40 636 67
40 797 1
40 506 139
40 799 1
40 337 66
40 769 11
40 950 1
40 499 15
40 280 89
40 906 24
40 421 1
40 561 53
40 840 3
40 975 1
41 94 92
41 137 1
41 239 1
41 903 28
41 939 18
41 172 100
41 743 52
41 559 111
41 170 1
41 984 15
41 45 87
41 210 97
41 238 102
41 253 54
41 768 25
42 100 26
42 135 29
42 400 1
42 879 94
42 740 21
42 1000 71
42 951 18
42 342 1
42 405 76
42 721 64
42 532 67
42 743 14
42 188 1
42 877 37
42 82 75
42 469 47
42 289 1
43 46 99
43 76 16
43 110 21
43 938 56
43 324 1
43 582 121
43 183 19
43 178 1
43 913 83
43 297 1
43 439 21
43 871 32
43 479 72
43 115 130
43 486 63
43 640 150
44 117 1
44 124 1
44 269 73
44 974 11
44 449 103
44 626 75
44 90 9
44 424 69
44 791 53
44 256 8
44 997 56
44 890 155
44 297 65
44 466 81
44 854 21
44 499 1
44 131 1
44 593 1
45 63 53
45 350 45
45 695 54
45 921 29
45 410 1
45 876 84
45 776 12
45 239 96
45 427 80
45 963 53
45 64 34
45 871 57
45 821 74
45 950 25
45 942 23
45 159 8
45 332 103
45 940 95
45 485 51
45 930 169
45 855 1
45 798 24
45 494 43
46 167 69
46 217 196
46 504 7
46 845 43
46 433 128
46 863 35
46 49 27
46 169 12
46 332 91
46 581 84
46 755 108
46 278 99
46 699 86
46 756 12
46 678 1
46 842 54
46 929 22
46 578 1
46 108 87
46 849 35
46 267 1
46 568 52
46 206 1
46 143 82
47 70 39
47 219 57
47 467 42
47 972 92
47 352 30
47 271 65
47 798 66
47 852 67
47 480 64
47 828 151
47 621 20
47 268 118
47 671 26
47 586 81
47 142 55
47 386 1
47 662 1
47 316 69
48 50 31
48 55 1
48 56 53
48 759 1
48 175 78
48 748 25
48 976 107
48 663 54
48 525 1
48 443 31
48 111 54
48 303 43
48 209 10
48 277 47
48 609 55
48 349 53
48 515 2
48 432 1
49 59 1
49 90 52
49 103 47
49 105 72
49 220 77
49 680 87
49 338 53
49 569 20
49 285 70
49 146 1
49 625 29
49 601 60
49 766 95
49 75 82
49 135 79
49 197 81
49 181 48
49 148 87
49 543 8
49 169 46
49 838 121
49 836 78
49 234 27
49 460 1
49 378 65
50 73 139
50 241 105
50 833 61
50 903 85
50 278 1
50 329 42
50 260 100
50 405 28
50 56 82
50 286 44
50 907 65
50 941 1
50 384 1
50 733 10
50 291 17
50 235 1
50 959 11
50 353 78
50 175 81
50 363 92
50 550 51
50 466 126
50 364 15
50 300 38
50 734 33
51 57 95
51 187 1
51 937 45
51 986 80
51 392 1
51 72 26
51 359 103
51 830 77
51 990 1
51 261 46
51 646 34
51 400 70
51 436 37
51 369 69
51 157 15
51 328 25
51 182 75
52 65 15
52 641 115
52 511 54
52 395 6
52 600 13
52 975 1
52 498 2
52 241 49
52 225 52
52 623 39
52 615 42
52 210 31
52 515 62
52 223 8
52 54 56
52 58 81
52 924 79
52 256 111
52 758 67
52 131 59
52 629 70
53 64 36
53 78 1
53 120 66
53 149 38
53 178 1
53 422 77
53 488 67
53 972 102
53 440 52
53 512 17
53 479 106
53 899 68
53 118 109
53 608 1
53 509 50
53 816 94
53 938 109
53 662 87
53 813 137
54 111 1
54 128 88
54 949 43
54 135 91
54 735 60
54 375 138
54 403 61
54 150 70
54 423 55
54 238 52
54 141 91
54 787 80
54 795 1
54 923 88
54 538 1
55 126 51
55 802 17
55 665 3
55 168 31
55 152 55
55 883 75
55 879 139
55 937 50
55 988 1
55 242 117
55 473 42
55 170 106
55 226 160
55 655 98
55 407 118
55 550 12
55 136 130
55 499 77
55 392 1
55 368 19
55 999 52
55 212 1
56 140 24
56 87 5
56 682 25
56 712 35
56 756 11
56 73 81
56 516 17
56 767 44
56 952 1
56 616 47
56 504 27
56 967 119
56 539 62
57 72 34
57 357 77
57 275 3
57 353 32
57 775 144
57 157 56
57 214 96
57 782 55
57 283 47
57 919 70
57 281 204
57 267 50
57 319 1
57 95 107
57 843 41
57 804 23
57 213 91
57 447 30
57 670 1
57 744 33
57 355 1
58 154 31
58 585 1
58 148 1
58 517 138
58 272 32
58 743 20
58 746 50
58 164 1
58 618 1
58 495 142
58 987 96
59 77 69
59 152 1
59 210 70
59 379 82
59 412 34
59 525 1
59 852 1
59 908 56
59 616 57
59 842 1
59 384 25
59 339 104
59 376 41
59 489 54
59 306 19
59 71 60
59 804 37
59 848 7
59 103 90
59 928 12
59 466 73
59 701 14
59 787 49
60 79 99
60 143 1
60 450 3
60 778 31
60 814 40
60 446 108
60 415 133
60 963 76
60 82 100
60 743 85
60 350 105
60 596 60
60 503 60
60 467 75
60 751 129
60 803 29
61 68 92
61 95 66
61 112 39
61 227 32
61 468 30
61 718 98
61 250 37
61 814 33
61 159 76
61 425 1
61 541 94
61 260 160
61 700 40
61 545 40
61 244 73
61 729 96
61 992 41
61 547 14
61 347 39
62 84 27
62 125 48
62 978 82
62 414 120
62 557 23
62 737 1
62 409 76
62 569 62
62 734 1
62 142 56
62 854 122
62 835 86
62 315 104
62 566 128
62 197 60
62 440 130
62 1000 43
62 773 91
62 360 98
63 274 52
63 289 1
63 525 1
63 127 55
63 708 72
63 837 56
63 122 89
63 710 90
63 146 1
63 962 112
63 669 94
63 120 93
63 226 85
63 298 144
63 259 7
63 943 96
63 927 85
63 195 1
63 101 89
63 543 129
63 258 34
63 496 112
64 177 133
64 447 22
64 93 1
64 82 46
64 325 21
64 843 117
64 800 3
64 190 1
64 752 99
64 613 155
64 335 93
64 266 101
64 856 7
65 462 56
65 559 116
65 889 21
65 593 28
65 302 83
65 943 11
65 828 47
65 812 1
65 826 101
65 689 49
65 616 94
65 399 50
65 670 43
65 514 46
65 549 1
66 141 11
66 144 61
66 174 105
66 734 47
66 105 1
66 923 33
66 455 125
66 281 17
66 274 42
66 583 31
66 864 82
66 379 62
66 969 79
66 736 35
66 487 54
66 335 112
67 185 102
67 384 57
67 899 1
67 791 5
67 802 75
67 993 113
67 728 1
67 162 1
67 673 102
67 232 52
67 486 58
67 830 110
67 249 34
67 841 78
67 747 101
68 104 74
68 160 61
68 291 21
68 702 55
68 262 172
68 115 126
68 211 49
68 760 19
68 703 22
68 574 18
68 449 1
68 646 89
68 215 117
68 372 8
69 249 42
69 194 25
69 603 100
69 156 82
69 665 57
69 741 86
69 566 81
69 960 119
69 885 29
69 241 27
69 805 1
69 289 8
69 492 99
70 115 41
70 562 62
70 671 163
70 226 60
70 558 114
70 491 110
70 541 83
70 340 5
70 752 50
70 501 1
70 527 51
70 785 65
70 850 23
70 757 138
70 775 1
70 842 30
70 473 66
70 318 50
70 213 88
70 867 77
70 564 61
70 285 26
71 340 20
71 566 1
71 352 51
71 483 96
71 290 43
71 948 77
71 728 21
71 790 78
71 233 37
71 661 56
71 380 1
71 399 57
71 891 1
71 793 9
71 122 34
71 677 24
71 405 34
72 158 22
72 744 83
72 801 1
72 359 34
72 282 58
72 780 111
72 540 66
72 78 46
72 240 2
72 392 1
72 482 71
72 858 79
72 299 78
72 140 70
72 682 48
72 339 132
73 312 101
73 128 57
73 647 23
73 606 155
73 412 31
73 627 18
73 913 70
73 775 117
73 391 65
73 618 39
73 902 126
73 395 123
73 151 54
73 291 20
73 207 32
74 89 115
74 979 55
74 980 136
74 670 1
74 114 1
74 469 1
74 302 1
74 848 33
74 555 9
74 152 31
74 480 42
74 78 43
74 386 1
74 531 92
74 804 108
74 515 118
74 308 125
75 81 29
75 157 36
75 265 20
75 323 18
75 495 69
75 846 142
75 485 118
75 472 140
75 522 46
75 706 58
75 298 1
75 136 54
75 161 38
75 566 58
75 103 21
75 806 83
75 998 49
75 86 70
76 213 92
76 458 47
76 634 107
76 681 44
76 895 1
76 939 105
76 972 1
76 635 1
76 851 1
76 379 48
76 578 25
76 272 50
76 771 64
76 865 1
76 774 23
76 302 9
76 876 41
76 140 136
76 839 46
77 173 108
77 199 53
77 189 71
77 81 148
77 725 126
77 414 47
77 687 56
77 841 1
77 991 55
77 850 78
77 341 85
77 248 1
77 442 40
77 681 75
77 575 8
77 715 10
78 151 110
78 279 1
78 717 49
78 804 45
78 862 70
78 964 78
78 398 123
78 816 122
78 434 58
78 407 118
78 963 98
78 587 78
78 561 121
78 469 1
78 442 129
78 796 45
78 539 75
78 861 104
78 983 27
78 945 66
78 732 116
78 289 4
78 788 145
78 212 14
79 80 37
79 592 48
79 975 119
79 832 111
79 821 71
79 349 1
79 955 31
79 492 29
79 250 1
79 92 70
79 181 1
79 799 21
79 809 94
79 410 82
79 801 136
79 905 77
80 267 125
80 287 29
80 91 157
80 231 1
80 276 61
80 145 67
80 781 122
80 861 53
80 554 60
80 529 74
80 148 26
80 438 1
80 141 70
80 897 88
80 248 4
81 91 52
81 116 117
81 119 55
81 127 78
81 557 22
81 820 43
81 494 77
81 763 25
81 230 17
81 689 1
81 540 64
81 111 1
81 131 5
81 700 68
81 337 1
81 753 3
81 899 67
81 358 46
81 592 48
81 218 6
81 927 169
82 98 5
82 130 51
82 193 78
82 687 1
82 265 87
82 314 14
82 693 1
82 195 91
82 956 20
82 701 48
82 914 109
82 456 56
82 345 33
82 460 19
82 872 47
82 405 117
82 581 81
82 672 77
82 749 1
82 689 1
82 384 15
82 948 22
83 114 92
83 567 8
83 950 44
83 190 76
83 377 35
83 214 11
83 690 20
83 741 1
83 257 1
83 781 4
83 501 16
83 312 1
83 903 35
83 721 1
83 507 1
83 611 40
83 605 55
83 681 92
83 933 48
84 197 90
84 489 46
84 524 1
84 803 68
84 459 78
84 955 1
84 295 61
84 188 6
84 148 11
84 773 70
84 222 88
84 494 126
84 95 32
84 320 106
84 231 17
84 847 76
84 217 34
84 1000 1
84 546 1
84 311 104
84 259 130
84 234 50
84 376 54
85 377 28
85 169 113
85 465 1
85 741 45
85 275 44
85 929 15
85 170 42
85 381 54
85 474 94
85 725 81
85 528 88
85 685 11
85 629 92
85 224 95
85 977 48
85 92 96
85 423 96
85 989 1
86 107 37
86 155 106
86 335 70
86 269 1
86 507 48
86 253 195
86 956 1
86 674 22
86 218 73
86 694 60
86 106 13
86 138 51
86 821 136
86 103 1
86 276 101
86 118 70
86 271 69
86 256 1
86 754 19
86 252 124
86 701 53
87 101 50
87 134 71
87 200 68
87 611 32
87 628 51
87 800 74
87 428 140
87 233 14
87 681 1
87 395 62
87 640 68
87 512 3
87 921 1
87 442 25
88 951 31
88 696 50
88 432 67
88 620 2
88 791 22
88 995 79
88 259 93
88 289 61
88 954 1
88 614 20
88 521 60
88 506 1
88 792 100
88 978 14
88 393 201
88 130 19
88 810 48
88 553 40
88 191 1
88 523 8
88 411 9
89 262 95
89 416 23
89 539 50
89 850 108
89 924 110
89 532 101
89 363 3
89 964 14
89 861 45
89 612 120
89 889 4
89 630 110
89 848 31
89 802 13
89 93 7
89 91 60
89 108 98
89 854 1
89 750 47
89 548 145
89 885 30
89 126 28
90 93 1
90 121 1
90 745 160
90 793 47
90 221 23
90 715 58
90 335 59
90 133 81
90 400 1
90 825 49
90 732 25
90 613 67
90 503 112
90 336 26
90 165 1
90 175 114
90 951 93
90 626 1
90 656 78
90 900 135
90 207 51
90 122 43
90 452 75
91 484 115
91 672 9
91 668 98
91 387 72
91 830 1
91 548 12
91 986 65
91 204 1
91 819 100
91 914 58
91 355 71
92 102 65
92 168 99
92 499 125
92 876 105
92 971 33
92 306 100
92 345 1
92 942 86
92 445 1
92 398 68
92 960 23
92 603 49
92 129 35
92 568 22
92 709 75
92 363 1
92 662 72
92 578 154
92 896 8
92 518 44
92 110 1
92 871 31
92 854 10
92 927 58
92 808 59
92 247 8
92 311 121
92 267 91
93 205 53
93 785 81
93 871 122
93 534 25
93 373 4
93 971 1
93 454 38
93 182 1
93 175 35
93 280 5
93 228 37
93 99 70
93 147 81
93 766 1
93 749 90
93 597 62
93 239 63
93 655 57
94 331 21
94 351 77
94 613 80
94 936 148
94 992 94
94 743 60
94 129 17
94 248 73
94 752 60
94 575 113
94 482 71
94 213 28
94 95 43
94 949 87
94 861 37
94 137 61
94 927 1
94 337 1
94 882 72
94 532 114
95 520 1
95 925 65
95 140 10
95 325 47
95 966 84
95 584 72
95 817 87
95 764 14
95 594 42
95 134 16
95 577 23
95 525 118
95 999 101
96 113 175
96 139 76
96 411 142
96 856 25
96 899 80
96 460 52
96 198 17
96 384 57
96 295 66
96 798 159
96 768 1
96 413 1
96 101 1
96 550 88
96 733 22
96 316 104
96 789 10
96 631 123
96 871 119
96 801 96
96 897 14
97 109 74
97 421 52
97 624 81
97 244 1
97 757 30
97 941 98
97 518 1
97 432 72
97 334 80
97 449 1
97 201 113
98 222 168
98 272 84
98 315 27
98 359 43
98 417 117
98 821 33
98 712 147
98 972 15
98 822 31
98 209 73
98 949 58
98 643 68
98 472 66
98 171 1
98 284 1
98 902 68
98 864 63
99 842 73
99 124 25
99 898 89
99 597 32
99 388 38
99 353 89
99 588 14
99 222 54
99 880 133
99 804 78
99 363 59
99 831 104
99 768 1
99 216 1
99 142 70
100 253 1
100 631 53
100 761 46
100 352 31
100 617 1
100 916 97
100 967 88
100 517 38
100 224 93
100 760 1
100 522 32
100 264 119
100 168 4
101 122 62
101 145 187
101 367 1
101 505 63
101 277 1
101 188 50
101 531 42
101 281 40
101 878 2
101 544 45
101 233 1
101 724 1
101 308 86
101 729 1
101 209 28
101 486 31
101 280 84
101 412 55
102 729 123
102 287 53
102 835 104
102 931 23
102 861 88
102 772 96
102 707 21
102 743 23
102 868 42
102 286 103
103 208 71
103 283 1
103 498 1
103 210 43
103 621 45
103 761 54
103 287 1
103 561 67
103 354 43
103 607 13
103 213 77
103 324 109
103 485 1
103 629 59
103 225 121
104 150 74
104 305 105
104 454 1
104 514 107
104 970 173
104 803 1
104 462 61
104 535 159
104 182 65
104 766 146
104 624 1
104 513 61
104 246 1
105 740 143
105 246 115
105 712 43
105 887 100
105 711 33
105 586 40
105 458 91
105 277 10
105 231 26
105 754 20
105 575 91
105 836 17
105 766 47
106 228 123
106 261 13
106 861 1
106 166 1
106 846 15
106 595 1
106 507 106
106 707 80
106 608 38
106 991 49
106 772 92
106 929 23
106 855 1
106 221 45
106 687 36
106 736 24
106 435 29
106 349 8
107 376 15
107 778 123
107 611 75
107 777 15
107 536 64
107 220 55
107 158 1
107 121 140
107 811 19
107 636 57
107 948 67
107 954 88
107 767 1
107 690 22
107 782 1
108 329 27
108 1000 55
108 330 67
108 833 57
108 688 63
108 676 67
108 607 109
108 598 154
108 973 43
108 155 34
108 656 154
108 523 115
108 385 33
108 990 36
109 236 111
109 591 110
109 739 104
109 543 1
109 546 38
109 558 81
109 448 24
109 647 1
110 169 85
110 192 55
110 240 57
110 328 88
110 407 120
110 646 3
110 132 60
110 539 1
110 717 98
110 293 78
110 404 61
110 470 39
110 745 78
110 222 3
110 324 135
110 524 1
110 627 102
110 431 51
110 313 50
110 932 120
110 920 40
111 146 42
111 207 123
111 215 131
111 277 1
111 429 64
111 892 1
111 583 50
111 392 32
111 158 5
111 859 106
111 203 66
111 249 54
111 560 45
111 652 48
111 825 68
111 238 1
111 123 84
111 898 124
111 912 38
111 351 7
111 743 61
112 136 58
112 225 73
112 295 31
112 203 5
112 328 38
112 227 81
112 459 45
112 610 68
112 291 1
112 669 260
112 565 9
112 898 80
112 437 33
112 924 19
112 891 73
112 694 92
112 435 99
112 393 99
112 533 1
112 968 1
112 392 32
112 792 64
112 554 1
113 123 6
113 730 98
113 745 106
113 781 27
113 274 70
113 155 103
113 626 20
113 492 1
113 548 45
113 445 1
113 321 50
113 317 1
113 936 17
113 208 1
113 545 113
113 359 84
113 594 117
114 148 19
114 381 64
114 873 87
114 524 34
114 370 65
114 851 105
114 844 11
114 715 26
114 325 18
114 120 90
114 645 1
114 300 39
114 724 43
114 959 52
114 966 20
114 708 96
114 364 1
114 283 41
115 176 21
115 259 99
115 707 34
115 463 10
115 682 44
115 282 44
115 749 132
115 698 22
115 162 1
115 398 162
115 802 53
115 275 71
115 557 95
116 370 1
116 954 100
116 174 15
116 452 79
116 760 1
116 778 49
116 416 1
116 215 118
116 275 40
116 386 76
116 536 158
116 890 39
116 904 88
117 288 1
117 577 1
117 399 88
117 847 111
117 991 145
117 988 159
117 854 1
117 731 1
117 738 1
117 451 19
117 801 70
117 270 82
117 560 128
117 450 73
118 159 65
118 271 42
118 278 1
118 347 1
118 822 1
118 860 136
118 752 12
118 547 1
118 409 52
118 993 95
118 649 6
118 519 117
118 670 1
118 326 80
118 435 2
118 665 36
118 917 70
118 939 99
118 139 51
118 391 52
118 178 81
119 408 122
119 534 14
119 590 64
119 286 66
119 410 1
119 187 86
119 841 140
119 121 115
119 177 1
119 706 18
119 954 178
119 936 1
120 301 119
120 479 187
120 722 84
120 783 1
120 367 1
120 791 5
120 200 81
120 922 1
120 752 11
120 743 70
120 861 43
120 389 1
120 508 1
120 211 18
120 700 148
120 274 78
120 847 15
120 878 60
120 620 166
120 153 13
120 437 55
121 194 1
121 558 84
121 604 84
121 277 85
121 123 152
121 920 8
121 414 156
121 349 28
121 548 57
121 402 65
121 436 21
121 729 69
121 316 54
121 311 1
121 205 96
121 939 36
121 831 1
121 711 14
121 150 25
121 135 69
121 180 153
121 766 21
121 207 89
122 646 138
122 712 101
122 634 75
122 786 62
122 461 60
122 894 61
122 341 1
122 485 53
122 277 1
122 525 1
122 614 6
122 976 46
122 527 1
123 132 29
123 171 18
123 273 93
123 443 63
123 568 98
123 916 1
123 672 5
123 263 17
123 647 1
123 991 18
123 755 18
123 652 1
123 522 38
123 180 81
123 678 67
123 200 49
123 482 37
123 966 115
124 266 61
124 653 44
124 690 168
124 845 26
124 481 109
124 502 39
124 599 70
124 417 144
124 769 37
124 854 52
124 221 107
124 290 63
124 134 75
124 372 19
124 711 94
124 255 14
124 234 90
124 855 1
124 514 135
124 927 57
125 211 1
125 216 63
125 549 57
125 587 35
125 544 41
125 129 5
125 867 10
125 622 29
125 414 75
125 378 83
125 913 92
125 914 48
125 894 1
125 721 116
125 634 97
125 431 41
125 571 19
125 425 20
126 512 27
126 463 60
126 669 123
126 220 64
126 734 118
126 173 42
126 294 9
126 409 21
126 592 1
126 882 1
126 822 129
126 377 105
126 876 25
126 405 47
127 230 73
127 899 177
127 851 102
127 990 6
127 534 46
127 425 1
127 319 55
127 816 6
127 417 20
127 203 128
127 840 71
127 260 91
127 795 25
127 702 136
127 704 121
128 410 187
128 765 84
128 762 1
128 877 138
128 373 82
128 739 1
128 887 76
128 645 103
128 730 40
128 485 69
128 244 56
128 259 12
128 243 95
128 693 84
128 351 71
128 272 102
128 300 1
128 205 19
129 201 118
129 715 1
129 755 49
129 990 67
129 930 139
129 430 60
129 982 92
129 412 63
129 241 19
129 342 173
129 815 73
129 750 32
129 848 104
129 434 65
129 766 63
129 647 15
129 710 1
129 448 1
129 724 50
129 900 30
129 596 1
130 610 120
130 918 1
130 984 1
130 948 20
130 189 32
130 276 24
130 907 16
130 162 53
130 922 71
130 368 76
130 727 41
130 431 32
130 217 1
130 506 115
130 937 43
130 347 1
130 138 100
131 412 1
131 494 109
131 568 1
131 825 121
131 851 17
131 619 94
131 471 56
131 162 58
131 169 136
131 336 51
131 691 96
131 751 41
131 590 46
131 930 17
131 747 146
132 803 1
132 216 30
132 829 47
132 523 12
132 844 41
132 368 77
132 606 1
132 455 43
132 341 26
132 413 42
132 951 24
132 209 9
132 423 48
132 403 4
132 603 1
133 206 75
133 832 1
133 442 1
133 335 25
133 684 10
133 809 90
133 144 37
133 690 13
133 418 43
133 295 24
133 264 1
133 732 129
133 798 116
133 462 18
133 791 3
133 519 1
133 319 36
134 142 1
134 170 1
134 439 31
134 607 10
134 413 72
134 428 150
134 333 1
134 273 1
134 406 5
134 511 104
134 999 21
134 927 44
134 474 9
134 349 83
134 602 85
134 904 67
134 761 1
134 495 18
134 312 28
135 195 70
135 388 64
135 394 46
135 709 33
135 577 39
135 279 63
135 450 82
135 972 73
135 566 135
135 590 54
135 792 66
135 363 78
135 608 116
135 835 87
135 301 1
135 992 1
135 673 1
135 170 130
135 859 29
135 366 13
136 280 81
136 333 95
136 318 1
136 715 37
136 367 97
136 464 61
136 214 43
136 302 46
136 239 1
136 413 33
136 455 46
136 139 95
136 902 36
136 586 84
136 938 28
136 571 53
136 226 72
136 240 30
136 427 52
137 546 1
137 142 1
137 464 98
137 319 44
137 520 1
137 822 93
137 887 85
137 985 58
137 218 87
137 471 99
138 397 11
138 461 62
138 410 6
138 708 63
138 303 27
138 422 78
138 829 90
138 646 30
138 926 117
138 945 42
138 890 104
138 862 29
138 353 44
138 768 29
138 518 15
138 417 18
138 835 39
138 876 23
138 351 8
138 602 111
138 289 5
139 199 23
139 863 1
139 974 131
139 734 93
139 686 23
139 250 32
139 258 107
139 794 3
139 901 46
139 385 1
140 365 1
140 454 69
140 683 34
140 744 36
140 281 86
140 619 81
140 928 1
140 766 81
140 544 60
141 165 32
141 322 133
141 475 117
141 612 14
141 658 81
141 825 77
141 458 20
141 735 72
141 694 60
141 385 1
141 946 78
141 490 26
141 581 41
141 640 75
141 242 107
141 685 12
141 156 24
141 990 23
141 375 114
141 429 14
141 239 136
142 224 23
142 371 5
142 406 31
142 583 26
142 771 40
142 722 44
142 405 114
142 602 59
142 385 1
142 338 16
142 901 7
142 582 1
142 214 76
142 161 1
142 344 87
142 508 1
142 145 1
143 469 19
143 477 76
143 243 33
143 626 24
143 587 1
143 658 1
143 418 29
143 576 46
143 178 72
143 412 166
143 146 23
143 893 1
143 822 139
143 233 26
144 156 7
144 164 52
144 209 23
144 424 36
144 335 1
144 417 132
144 828 50
144 836 53
144 302 59
144 246 114
144 159 97
144 322 93
144 480 32
144 169 113
144 261 65
144 319 83
144 477 37
144 669 48
144 426 1
144 339 1
144 598 118
145 948 68
145 565 1
145 504 84
145 794 67
145 535 23
145 475 71
145 275 108
145 610 113
145 763 35
145 991 11
145 509 75
145 523 27
145 940 34
145 302 47
145 372 1
145 290 61
145 885 41
145 935 132
145 255 24
145 934 17
146 179 60
146 293 90
146 513 111
146 968 1
146 490 1
146 327 1
146 684 86
146 433 123
146 653 70
146 708 46
146 528 60
146 295 99
146 395 1
146 402 94
146 312 2
146 366 1
147 254 47
147 500 22
147 985 107
147 752 25
147 363 1
147 149 1
147 783 28
147 384 115
147 926 93
147 741 1
147 523 80
147 866 1
147 480 60
147 422 86
147 738 152
148 736 125
148 183 10
148 354 102
148 911 98
148 772 7
148 937 42
148 739 46
148 374 91
148 818 10
148 970 47
148 229 58
149 317 89
149 922 52
149 316 112
149 750 69
149 785 20
149 890 1
149 176 24
149 903 44
149 390 70
149 248 24
149 914 65
149 175 160
149 967 1
149 638 37
149 929 70
149 329 76
149 973 36
149 589 60
150 153 88
150 161 7
150 330 1
150 430 107
150 737 86
150 479 87
150 238 50
150 303 98
150 696 1
150 906 20
150 507 81
150 785 60
151 198 87
151 264 93
151 687 55
151 624 3
151 701 204
151 820 110
151 397 127
151 555 27
151 632 75
151 920 58
151 344 134
151 190 69
151 299 113
151 240 103
151 947 67
152 618 135
152 838 59
152 522 83
152 423 95
152 941 27
152 846 79
152 768 56
152 984 22
152 672 47
152 744 1
152 957 111
152 715 25
152 389 38
153 326 16
153 464 1
153 318 22
153 386 27
153 894 72
153 899 131
153 932 58
153 235 55
153 758 56
153 949 84
153 416 92
153 264 1
153 841 37
153 241 42
153 667 12
153 356 68
153 167 40
154 368 1
154 466 1
154 274 54
154 688 108
154 519 30
154 917 45
154 901 1
154 771 1
154 882 13
154 381 7
154 195 57
155 961 1
155 339 1
155 249 1
155 864 108
155 829 101
155 284 43
155 748 132
155 674 97
155 359 100
156 571 1
156 900 61
156 932 40
156 415 121
156 730 188
156 943 24
156 384 61
156 908 68
156 969 22
156 404 60
156 916 41
156 486 25
156 437 15
156 894 11
157 212 104
157 229 15
157 399 87
157 815 131
157 413 94
157 535 38
157 365 21
157 587 96
157 581 1
157 937 99
157 829 106
157 298 1
157 936 38
157 237 34
157 987 17
158 356 29
158 387 31
158 486 1
158 670 151
158 761 99
158 362 109
158 660 1
158 594 110
158 534 95
158 766 92
158 960 108
158 742 21
158 487 118
158 369 110
158 164 21
158 548 54
158 473 93
158 802 48
158 666 1
158 672 77
158 788 69
159 384 98
159 950 1
159 202 1
159 572 123
159 946 53
159 236 57
159 911 1
160 286 1
160 375 48
160 854 61
160 674 30
160 339 21
160 425 46
160 663 19
160 189 107
160 901 1
160 847 80
160 569 50
160 234 49
160 504 21
160 570 17
160 556 1
160 789 69
161 998 100
161 561 49
161 848 1
161 877 12
161 254 86
161 666 77
161 447 46
161 610 52
161 613 91
161 456 59
161 788 1
161 956 45
161 810 41
161 643 1
161 902 68
161 904 58
162 221 39
162 334 1
162 906 82
162 169 82
162 215 38
162 535 29
162 271 93
162 555 59
162 267 69
162 648 87
162 228 118
162 822 90
162 957 64
162 449 84
162 438 36
162 476 90
162 467 1
162 892 109
162 279 65
162 452 65
163 515 76
163 626 47
163 648 73
163 197 34
163 822 7
163 653 63
163 848 1
163 950 57
163 457 10
163 716 103
163 403 163
163 358 41
163 570 1
163 339 60
163 617 39
163 228 43
163 676 3
163 322 174
163 440 65
163 468 56
164 300 61
164 332 113
164 939 87
164 750 105
164 561 31
164 666 113
164 824 9
164 419 77
164 620 77
164 735 69
164 416 2
164 747 9
164 789 56
164 182 66
164 504 1
164 588 18
164 413 1
164 549 17
165 204 16
165 530 57
165 669 73
165 870 35
165 328 60
165 699 91
165 353 15
165 659 48
165 386 30
165 997 64
165 494 116
165 507 81
165 855 1
165 790 1
165 875 1
165 376 1
165 357 77
165 834 1
165 829 42
165 350 1
165 239 94
166 270 31
166 455 51
166 741 34
166 788 127
166 329 1
166 611 69
166 462 30
166 705 14
166 717 70
166 243 6
166 524 1
166 757 44
166 674 1
166 791 49
166 588 71
166 283 1
166 435 34
166 480 40
166 920 33
166 498 1
166 494 1
167 325 1
167 531 84
167 768 61
167 464 9
167 180 135
167 892 78
167 908 79
167 924 14
167 933 114
167 508 74
167 857 1
167 957 26
168 639 2
168 689 16
168 624 44
168 631 15
168 360 131
168 984 68
168 791 50
168 566 39
168 943 1
168 399 43
168 731 1
168 692 40
168 531 1
168 361 28
168 366 44
169 289 100
169 644 83
169 584 69
169 272 230
169 520 36
169 785 90
169 631 39
169 452 1
169 867 29
169 423 60
169 514 71
169 394 78
169 824 95
170 486 29
170 735 92
170 288 1
170 793 87
170 329 163
170 899 1
170 395 92
170 393 49
170 593 120
170 324 74
170 368 23
170 790 1
171 363 62
171 356 1
171 191 67
171 181 10
171 304 21
171 738 26
171 584 72
171 597 1
171 867 9
171 923 117
171 440 109
171 496 82
171 324 90
171 471 1
171 728 83
171 876 80
171 680 1
171 812 1
171 527 161
171 183 36
171 274 49
172 223 38
172 807 73
172 482 34
172 347 36
172 932 39
172 515 51
172 484 1
172 241 1
172 503 117
172 240 40
172 620 19
172 868 64
172 977 83
172 487 122
172 217 93
172 493 16
172 566 5
172 633 1
173 360 108
173 522 47
173 361 40
173 199 97
173 689 73
173 627 29
173 370 108
173 945 14
173 923 34
173 729 187
173 543 12
173 852 24
173 644 120
173 700 107
173 253 35
173 820 24
173 314 81
174 184 22
174 231 49
174 311 82
174 957 7
174 927 51
174 664 36
174 248 66
174 687 17
174 272 33
174 946 81
174 620 99
174 362 119
175 297 33
175 419 10
175 996 43
175 696 35
175 837 1
175 198 1
175 827 31
175 410 150
175 926 128
175 187 112
175 860 93
175 539 123
175 819 76
175 973 41
175 943 53
175 329 115
175 370 70
175 350 11
175 221 41
175 992 15
175 320 42
175 240 59
175 578 1
176 971 1
176 951 76
176 357 1
176 975 89
176 279 78
176 913 68
176 577 1
176 212 30
176 851 63
176 833 52
177 373 1
177 947 36
177 884 73
177 343 1
177 195 58
177 435 1
177 558 34
177 721 1
177 958 39
177 466 51
177 681 107
177 186 85
177 250 20
178 252 169
178 688 4
178 535 8
178 558 69
178 991 103
178 684 71
178 285 16
178 710 72
178 646 1
178 574 1
178 648 1
178 589 62
178 563 38
178 226 173
178 447 81
178 408 37
178 798 99
178 380 20
179 754 62
179 670 62
179 584 41
179 758 1
179 998 62
179 310 17
179 594 131
179 906 1
179 876 1
179 454 91
179 869 92
179 731 48
180 234 53
180 285 164
180 437 17
180 740 76
180 183 1
180 204 31
180 320 13
180 207 47
180 560 1
180 330 191
180 364 63
180 720 38
180 934 48
180 689 68
180 476 67
180 574 1
181 931 59
181 722 96
181 857 151
181 587 115
181 613 1
181 680 65
181 392 16
181 404 1
181 557 1
181 929 102
181 596 112
182 769 46
182 770 30
182 795 88
182 280 162
182 250 39
182 941 89
182 579 108
182 187 49
182 749 31
182 729 47
182 479 1
183 912 57
183 487 38
183 371 34
183 897 63
183 728 1
183 306 55
183 960 87
183 444 110
183 806 1
183 669 122
183 689 1
183 905 27
183 397 70
183 501 53
183 686 54
183 679 7
183 633 75
183 612 88
183 229 1
183 710 120
183 785 1
183 945 1
184 485 55
184 568 59
184 958 64
184 450 31
184 264 63
184 587 51
184 241 60
184 681 7
184 661 1
185 324 109
185 789 52
185 954 1
185 387 100
185 773 67
185 611 82
185 237 1
185 952 87
185 922 53
185 364 109
185 931 75
185 564 14
185 715 1
185 974 14
185 761 48
185 696 44
185 572 1
186 284 120
186 668 1
186 651 77
186 914 116
186 629 12
186 756 2
186 800 1
186 289 51
186 993 69
186 841 42
186 484 44
186 925 59
186 897 93
186 397 16
186 320 86
186 407 22
187 343 79
187 428 127
187 593 72
187 989 48
187 692 1
187 321 1
187 387 80
187 339 72
187 264 1
187 241 38
187 489 1
187 925 106
187 389 95
188 235 84
188 510 111
188 892 59
188 489 73
188 544 27
188 627 46
188 618 34
188 619 43
188 919 74
188 837 66
188 361 12
188 481 98
189 268 111
189 921 43
189 712 30
189 441 112
189 962 1
189 408 16
189 683 48
189 611 59
189 890 19
189 929 86
189 876 7
189 261 54
189 398 78
189 647 11
189 545 68
190 276 89
190 621 66
190 815 63
190 775 117
190 863 1
190 578 110
190 518 58
190 717 33
190 427 24
190 202 112
190 363 40
190 837 90
190 607 126
190 262 88
190 291 26
190 590 97
190 517 26
190 280 1
191 229 71
191 324 1
191 312 12
191 420 100
191 297 71
191 899 1
191 777 32
191 571 21
191 285 57
191 626 1
191 239 68
192 257 111
192 308 21
192 876 99
192 677 108
192 965 57
192 504 119
192 725 1
192 954 1
192 771 8
192 239 36
192 597 1
193 786 27
193 606 86
193 611 1
193 701 46
193 273 54
193 985 129
193 263 1
193 825 95
193 230 73
193 327 7
193 388 26
193 417 40
193 987 34
193 219 37
193 858 32
193 620 57
193 557 11
194 870 63
194 297 19
194 436 124
194 653 84
194 765 153
194 560 62
194 811 46
194 960 5
194 725 29
194 958 5
194 828 1
194 388 57
194 335 15
194 280 39
194 381 1
195 214 109
195 649 75
195 395 135
195 456 71
195 881 1
195 266 15
195 228 1
195 553 96
195 308 90
195 732 1
195 261 74
196 421 1
196 586 92
196 625 116
196 592 85
196 913 84
196 379 149
196 561 36
196 684 21
197 203 51
197 793 22
197 542 97
197 590 117
197 867 34
197 984 57
197 460 105
197 448 44
197 929 80
197 239 1
197 883 111
197 814 1
197 629 1
197 935 53
198 392 1
198 380 29
198 960 25
198 591 7
198 283 18
198 313 88
198 571 77
198 493 17
198 282 1
198 274 19
198 333 158
198 861 13
198 200 80
198 289 53
198 375 6
198 230 123
199 260 32
199 274 1
199 357 111
199 783 26
199 311 1
199 581 94
199 341 185
199 925 1
200 557 99
200 641 85
200 257 51
200 405 58
200 205 5
200 790 15
200 287 76
200 885 99
200 326 65
201 702 107
201 313 93
201 242 49
201 230 7
201 733 39
201 861 1
201 613 78
201 519 11
201 507 81
201 343 43
201 315 1
201 552 142
201 240 77
201 647 134
201 244 103
201 914 1
201 765 36
201 979 1
201 560 68
202 714 70
202 551 15
202 372 107
202 705 21
202 298 5
202 823 53
202 231 37
202 465 98
202 216 89
203 862 1
203 616 8
203 784 1
203 362 49
203 609 49
203 303 48
203 883 90
203 763 113
203 473 75
203 217 8
204 251 28
204 616 1
204 642 1
204 234 109
204 806 28
204 402 2
204 796 120
204 487 91
204 522 1
204 975 28
204 503 93
204 983 25
204 656 75
204 257 25
204 275 43
204 601 49
205 983 37
205 447 1
205 834 89
205 446 54
205 579 71
205 209 86
205 985 86
206 426 80
206 995 90
206 537 123
206 837 71
206 969 1
206 534 1
206 688 83
206 941 1
206 460 53
206 806 53
206 283 43
206 321 51
206 993 109
206 260 1
206 425 1
206 850 10
206 680 69
206 416 70
207 269 139
207 765 1
207 413 105
207 389 156
207 569 2
208 420 58
208 368 38
208 551 13
208 989 138
208 506 6
208 326 44
208 911 42
208 263 36
208 337 54
208 956 69
208 226 1
208 913 71
208 936 1
208 707 88
209 313 1
209 502 1
209 306 5
209 288 30
209 573 1
209 958 115
209 525 48
209 775 50
209 432 104
209 482 93
209 823 109
209 329 76
209 791 1
209 240 96
210 482 49
210 409 48
210 304 100
210 707 1
210 328 35
210 570 73
210 612 50
210 396 113
210 509 1
210 418 46
210 589 163
210 785 18
210 898 1
210 558 39
210 285 1
211 296 5
211 774 107
211 235 101
211 895 115
211 875 1
211 307 1
211 308 1
211 677 51
211 987 72
211 364 82
211 225 23
211 879 22
211 478 88
211 587 40
211 486 127
211 616 172
211 593 76
211 422 83
211 890 1
212 237 1
212 247 3
212 402 68
212 428 66
212 941 28
212 367 59
212 441 40
212 789 1
212 810 120
212 796 1
212 630 74
212 536 1
212 938 35
213 298 99
213 943 46
213 773 92
213 808 41
213 755 79
213 514 111
213 963 38
213 735 54
213 274 18
213 855 103
213 575 116
214 875 82
214 476 1
214 585 73
214 260 72
214 766 89
214 841 41
214 594 38
214 902 103
214 303 30
214 962 2
214 423 1
214 252 6
214 222 79
214 279 1
214 945 48
215 346 96
215 445 1
215 488 89
215 731 63
215 627 63
215 940 186
215 453 132
215 472 37
215 405 33
215 979 46
215 497 135
215 907 82
215 517 35
215 469 72
216 233 1
216 303 1
216 922 1
216 941 123
216 470 34
216 464 80
216 701 24
216 772 1
216 526 121
216 642 52
216 554 120
216 911 35
216 502 61
216 587 75
216 614 174
216 634 37
216 900 76
216 835 55
216 983 34
216 695 72
216 985 31
217 405 33
217 418 97
217 598 20
217 609 2
217 938 132
217 887 1
217 260 95
217 525 67
217 735 1
217 652 66
217 261 105
217 226 59
217 574 1
217 429 46
217 371 80
217 315 126
217 490 1
218 828 45
218 651 100
218 408 18
218 405 1
218 293 91
218 872 147
218 575 100
218 398 65
218 368 12
218 421 1
218 680 1
218 540 63
219 232 117
219 879 1
219 239 83
219 924 29
219 885 1
219 503 23
219 485 44
219 430 3
219 799 191
219 419 67
220 917 100
220 286 145
220 326 1
220 411 1
220 299 71
220 793 109
220 599 66
220 296 1
220 831 48
220 974 56
220 447 93
220 413 162
220 915 71
220 733 31
220 855 1
220 760 23
220 549 19
221 540 170
221 809 46
221 618 85
221 435 7
221 332 59
221 833 8
221 246 53
221 699 1
221 749 9
221 571 124
221 442 103
221 933 4
221 993 78
222 481 109
222 328 89
222 258 30
222 862 1
222 267 70
222 537 33
222 344 39
222 492 51
222 569 3
222 960 1
222 356 65
222 321 1
222 548 26
222 895 32
222 550 11
222 894 59
223 959 32
223 885 89
223 317 1
223 950 85
223 411 1
223 774 104
223 280 16
223 761 1
223 315 43
223 506 83
224 475 1
224 905 1
224 239 1
224 976 43
224 530 1
224 576 1
224 820 1
224 298 62
224 288 47
224 651 6
224 840 79
224 326 83
225 617 1
225 702 63
225 762 19
225 753 116
225 841 25
225 607 53
225 363 1
225 674 21
225 473 11
225 709 67
225 489 35
226 393 41
226 605 116
226 417 1
226 426 21
226 595 32
226 756 59
226 275 138
226 694 7
226 799 132
226 266 83
226 777 108
226 387 87
227 554 25
227 469 110
227 329 60
227 911 103
227 969 24
227 820 24
227 968 91
227 482 79
227 405 52
227 634 55
227 578 65
227 664 27
228 339 69
228 624 93
228 667 1
228 951 78
228 399 95
228 473 1
228 909 136
228 681 78
228 369 92
228 381 74
228 841 12
228 930 124
228 734 53
228 403 75
228 363 123
228 357 122
228 972 41
228 905 135
229 583 1
229 964 55
229 690 1
229 949 87
229 393 1
229 249 90
229 321 85
229 329 1
229 729 1
229 773 32
229 712 72
229 384 110
229 239 73
230 391 20
230 396 127
230 452 1
230 636 1
230 569 54
230 875 79
230 864 24
230 819 76
230 262 71
230 711 10
230 470 1
230 547 73
230 275 150
231 349 76
231 656 46
231 629 16
231 999 8
231 820 80
231 309 93
231 544 100
231 388 97
231 312 123
231 451 97
231 623 61
231 500 115
231 723 74
231 387 153
232 444 79
232 920 1
232 924 62
232 966 40
232 993 45
232 318 133
232 272 42
232 627 4
232 594 1
232 916 169
232 884 82
232 336 101
232 507 1
232 608 86
232 249 133
232 744 95
232 394 1
232 931 105
232 711 62
232 794 1
233 304 29
233 338 21
233 919 1
233 368 1
233 730 136
233 256 84
233 302 1
233 880 65
233 827 3
233 505 69
233 699 100
233 775 15
233 502 61
233 725 42
233 984 89
233 859 1
233 849 111
234 281 143
234 335 124
234 421 90
234 757 112
234 384 49
234 510 123
234 245 1
234 429 126
234 832 31
234 786 98
235 635 34
235 805 25
235 648 1
235 794 114
235 609 67
235 478 41
235 913 35
235 991 64
235 932 41
235 998 156
235 602 3
235 600 17
235 819 54
235 629 76
236 563 34
236 859 77
236 329 5
236 562 75
236 302 76
236 376 16
236 954 138
236 629 1
236 968 42
236 350 2
236 764 11
236 307 39
236 619 10
236 683 5
236 875 122
236 613 129
236 333 109
236 918 1
237 306 1
237 369 1
237 390 1
237 438 59
237 532 1
237 711 3
237 320 1
237 476 34
237 669 24
237 357 131
238 811 64
238 834 139
238 325 84
238 343 20
238 494 97
238 406 47
238 945 32
238 505 85
238 831 1
238 695 25
238 844 70
238 679 40
238 278 53
238 942 102
238 825 1
239 255 40
239 674 1
239 764 20
239 797 113
239 312 66
239 370 104
239 542 52
239 990 1
239 304 79
239 942 33
239 769 1
239 277 110
239 605 134
240 395 145
240 511 9
240 582 23
240 382 1
240 616 92
240 556 104
240 443 126
240 854 72
240 855 50
240 546 35
240 298 76
240 918 48
240 791 18
240 964 26
240 748 23
240 786 1
241 451 142
241 332 24
241 435 60
241 738 37
241 470 147
241 812 110
241 409 1
241 778 55
241 959 54
242 282 24
242 348 47
242 967 99
242 679 49
242 997 47
242 860 1
242 527 109
242 266 51
242 414 112
242 812 83
242 706 81
242 915 93
242 409 86
242 622 40
242 315 50
243 292 34
243 932 1
243 858 1
243 604 138
243 326 1
243 928 76
243 893 1
243 805 85
243 652 50
243 381 94
243 965 71
243 283 1
243 675 43
243 596 23
243 985 19
243 886 82
244 757 111
244 402 16
244 768 5
244 464 49
244 543 60
244 331 22
244 970 74
244 461 39
244 391 93
244 325 48
244 538 126
244 993 12
244 787 95
244 299 45
244 805 67
245 596 75
245 531 1
245 718 5
245 701 67
245 940 19
245 846 70
245 913 71
245 263 17
245 583 78
245 362 48
245 944 63
245 476 120
245 939 6
245 599 17
245 538 90
245 950 54
246 296 17
246 428 18
246 261 1
246 977 82
246 724 48
246 278 52
246 874 81
246 619 4
246 835 138
246 444 13
246 381 1
246 751 23
246 686 92
246 270 45
246 486 1
247 258 45
247 290 88
247 587 68
247 314 10
247 330 116
247 627 47
247 684 21
247 544 42
247 593 23
247 588 27
247 874 167
247 821 32
247 254 65
247 904 42
248 768 20
248 713 1
248 921 1
248 777 27
248 707 99
248 690 110
248 395 1
248 342 61
248 981 71
248 253 34
248 757 1
248 922 1
248 963 41
249 409 20
249 667 109
249 731 9
249 348 23
249 682 1
249 559 115
249 432 78
249 392 63
249 417 62
249 847 61
249 630 77
249 944 107
250 496 94
250 572 20
250 568 84
250 261 6
250 684 111
251 983 24
251 744 106
251 491 9
251 338 72
251 751 86
251 560 56
251 596 89
251 977 31
251 637 17
251 558 1
251 988 1
251 259 119
251 664 62
251 614 1
251 630 105
251 424 103
251 776 49
251 699 75
252 677 156
252 684 1
252 489 30
252 576 84
252 367 188
252 524 129
252 399 56
252 478 27
252 660 57
252 636 103
252 917 14
252 501 26
252 873 16
252 815 23
252 846 1
253 487 65
253 923 1
253 306 27
253 478 88
253 300 46
253 756 60
253 732 36
253 704 35
253 601 48
254 574 27
254 833 63
254 593 140
254 758 55
254 718 89
254 314 43
254 306 1
254 259 47
254 733 96
254 322 28
254 692 113
254 654 109
254 870 114
254 510 56
254 958 1
255 355 1
255 500 39
255 314 102
255 665 173
255 527 1
255 374 1
255 671 76
255 895 45
255 842 1
255 847 55
255 874 38
255 588 90
256 386 2
256 556 53
256 558 74
256 913 66
256 594 1
256 584 143
256 592 67
256 827 1
256 884 47
256 965 141
256 711 47
256 392 105
256 278 1
256 945 15
256 359 115
256 958 65
257 885 44
257 547 1
257 560 73
257 595 138
257 585 1
257 367 151
257 559 98
257 754 68
257 934 55
257 985 109
257 725 1
257 800 21
257 510 105
257 960 31
257 926 11
257 482 54
257 590 1
258 694 38
258 875 84
258 683 88
258 497 1
258 892 86
258 789 51
258 871 58
258 328 23
259 883 1
259 577 58
259 422 79
259 526 57
259 755 1
259 721 92
259 895 1
259 945 1
259 813 49
259 816 63
260 842 35
260 660 15
260 652 1
260 644 1
260 409 115
260 486 1
260 879 27
260 724 88
260 914 1
260 460 41
261 263 72
261 342 26
261 386 53
261 957 134
261 855 55
261 642 48
261 869 77
261 997 120
261 931 57
261 625 1
261 597 98
261 502 46
261 814 149
261 307 43
261 863 80
261 377 47
261 951 35
261 940 52
262 337 39
262 507 139
262 951 116
262 717 71
262 719 37
262 924 79
262 690 49
262 668 165
262 471 136
262 385 76
262 478 1
262 572 165
262 820 80
262 287 90
262 685 12
263 302 69
263 449 65
263 564 1
263 294 136
263 407 2
263 605 1
263 929 149
263 854 5
263 374 52
263 884 1
263 742 46
263 530 66
263 402 68
263 411 63
264 448 72
264 984 1
264 295 87
264 494 1
264 318 20
264 981 59
264 983 128
265 718 11
265 631 72
265 284 111
265 465 60
265 944 1
265 786 88
265 955 47
265 813 97
265 865 44
266 654 85
266 823 31
266 544 110
266 352 63
266 535 57
266 269 4
266 282 49
266 751 161
266 967 92
266 607 34
266 300 49
266 425 60
266 984 10
266 569 2
266 916 80
266 808 60
266 588 1
266 504 78
266 342 57
266 277 55
267 611 8
267 459 12
267 381 52
267 592 90
267 548 1
267 375 71
267 557 1
267 328 85
267 593 1
267 668 147
267 357 86
267 446 117
267 973 36
267 722 156
267 725 32
268 353 130
268 542 1
268 939 11
268 386 90
268 745 26
268 300 22
268 674 22
268 708 39
268 316 108
268 369 1
268 406 1
268 959 1
268 385 106
268 915 1
268 474 50
268 834 129
268 725 1
268 766 117
268 880 82
269 275 94
269 614 73
269 697 6
269 305 29
269 616 5
269 895 48
269 486 1
269 378 42
269 565 41
269 421 64
269 381 65
269 783 1
269 805 82
269 339 9
269 841 80
269 894 1
269 457 21
270 584 79
270 873 63
270 921 104
270 591 2
270 334 67
270 899 132
270 754 23
270 421 23
270 553 50
270 397 1
270 607 1
271 598 53
271 778 73
271 901 144
271 584 25
271 323 53
271 389 89
271 858 1
271 728 1
271 280 1
271 299 11
271 301 90
271 349 34
271 508 70
272 683 55
272 700 146
272 706 1
272 720 90
272 438 1
272 488 48
272 867 1
272 308 148
272 989 1
272 920 68
272 607 102
273 480 69
273 580 43
273 550 105
273 682 34
273 968 42
273 832 98
273 878 35
273 469 1
273 752 57
273 925 27
273 284 40
273 978 1
273 944 95
273 711 75
273 703 35
273 841 36
274 310 58
274 794 18
274 371 62
274 905 1
274 350 24
274 693 101
274 804 88
274 299 1
275 724 38
275 745 27
275 983 71
275 857 17
275 653 21
275 453 100
275 787 14
275 436 105
275 792 45
275 481 1
276 435 69
276 355 1
276 577 1
276 433 1
276 787 40
276 878 98
276 315 1
276 474 30
276 865 34
276 809 55
276 775 57
276 892 1
277 690 62
277 942 78
277 750 11
277 457 1
277 427 1
277 572 1
277 731 1
277 536 2
277 578 98
277 580 103
277 586 79
277 376 82
277 619 12
277 429 106
278 318 36
278 614 122
278 884 65
278 883 25
278 538 53
278 574 57
278 723 32
278 784 54
278 680 84
278 864 24
278 565 55
278 785 10
278 639 90
278 893 81
278 768 1
279 294 19
279 282 43
279 578 15
279 548 61
279 882 93
279 753 47
279 451 10
279 423 4
279 764 22
279 705 1
279 670 1
279 713 77
279 555 40
280 721 89
280 868 7
280 986 1
280 421 9
280 435 34
280 981 1
280 304 4
280 680 82
280 881 54
280 866 156
280 761 1
281 772 1
281 283 1
281 433 1
281 496 20
281 349 93
281 585 32
281 288 35
281 414 25
281 934 166
281 963 14
281 998 26
281 590 53
281 426 10
281 399 36
282 288 40
282 321 16
282 716 58
282 901 28
282 338 88
282 477 1
282 563 56
282 372 27
282 935 96
282 308 1
283 319 1
283 352 59
283 483 138
283 852 118
283 445 99
283 536 100
283 774 78
283 510 38
283 317 75
283 363 88
283 504 29
283 932 49
283 962 68
283 596 70
283 868 1
283 940 65
283 817 115
283 952 48
284 306 36
284 716 72
284 974 1
284 358 27
284 502 88
284 662 1
284 303 18
285 910 1
285 454 1
285 668 140
285 751 85
285 852 18
285 491 1
285 513 40
285 861 50
285 740 59
285 503 69
285 914 38
285 502 117
285 550 31
286 327 68
286 490 35
286 309 79
286 756 25
286 322 41
286 315 1
286 967 42
286 592 45
286 989 1
286 300 56
286 613 1
286 417 46
286 864 91
286 815 70
287 520 38
287 673 52
287 933 92
287 491 108
287 644 31
287 912 193
287 454 67
287 812 1
287 340 46
287 302 42
287 769 102
287 701 49
287 429 14
288 474 51
288 727 85
288 878 31
288 759 1
288 670 169
288 316 65
288 660 63
288 916 5
288 496 42
288 796 91
288 719 56
288 652 52
289 309 1
289 665 77
289 782 15
289 875 1
289 389 125
289 807 50
289 398 101
289 411 119
289 978 1
289 340 27
289 322 132
289 777 12
289 379 1
290 928 1
290 960 47
290 935 71
290 312 2
290 561 1
290 888 44
290 358 4
290 791 46
290 809 1
290 673 12
291 390 1
291 696 9
291 580 42
291 338 31
291 786 93
291 655 1
291 318 47
291 677 25
291 534 133
291 815 13
291 329 28
291 611 36
292 762 45
292 962 119
292 880 7
292 709 10
292 775 122
292 660 1
292 776 35
292 536 131
292 503 88
292 774 131
292 427 137
292 896 35
292 358 91
292 961 73
293 529 22
293 673 125
293 728 1
293 693 94
293 841 52
293 439 103
293 648 108
293 659 25
293 560 52
293 704 21
293 671 80
293 737 8
294 307 93
294 383 1
294 528 1
294 361 49
294 523 42
294 880 57
294 861 67
294 346 17
294 434 1
294 722 85
294 788 43
294 987 1
295 366 74
295 795 84
295 609 88
295 698 93
295 778 1
295 549 97
295 954 37
295 730 143
295 569 1
295 642 124
296 362 1
296 429 36
296 928 59
296 881 63
296 407 38
296 820 68
296 908 34
297 776 37
297 491 166
297 784 119
297 946 122
297 635 91
297 724 12
297 642 1
297 503 89
297 409 64
297 755 116
298 445 1
298 763 61
298 908 28
298 647 3
298 947 101
298 390 92
298 549 19
298 329 78
298 675 1
298 924 69
298 430 1
299 855 95
299 586 59
299 822 51
299 696 1
299 645 28
299 441 143
299 434 70
299 685 104
299 705 18
299 590 48
299 554 117
299 942 68
299 749 1
299 809 107
299 911 46
300 864 1
300 760 58
300 862 1
300 832 55
300 786 20
300 813 68
300 365 144
300 948 1
300 406 14
300 498 42
300 854 44
300 509 12
300 913 120
300 602 138
300 696 21
300 494 1
300 305 146
300 817 36
301 952 105
301 572 42
301 751 61
302 441 95
302 514 88
302 875 92
302 421 63
302 383 1
302 696 47
302 761 148
302 399 73
302 537 4
302 522 24
302 670 88
302 858 134
302 386 1
303 430 80
303 654 1
303 797 19
303 759 5
303 639 60
303 841 32
303 949 37
303 948 26
303 724 60
303 787 24
303 681 88
304 633 49
304 888 42
304 316 71
304 766 50
304 410 60
304 895 1
304 746 21
304 364 85
304 949 51
304 405 43
304 797 15
304 459 90
304 467 1
304 849 36
304 919 56
305 997 66
305 827 70
305 954 16
305 550 52
305 721 26
305 415 1
305 540 86
305 548 11
305 817 54
305 907 76
306 470 50
306 404 95
306 331 2
306 937 11
306 316 1
306 405 96
306 843 34
306 740 1
306 747 1
306 733 41
306 445 69
306 670 84
306 427 63
306 783 62
306 989 83
306 554 57
307 358 25
307 897 65
307 708 34
307 896 1
307 982 47
307 435 1
307 544 5
307 772 30
308 573 117
308 769 68
308 811 52
308 641 137
308 651 3
308 592 114
308 647 73
308 402 39
308 609 14
308 741 15
308 991 78
308 519 1
308 341 1
308 896 96
308 814 80
308 329 31
308 740 62
309 905 16
309 995 1
309 430 53
309 892 1
309 811 157
309 522 88
309 352 131
309 617 76
309 844 45
309 675 104
310 488 45
310 456 82
310 941 76
310 883 11
310 640 63
310 315 75
310 826 2
310 838 1
310 475 102
310 497 39
311 792 47
311 777 8
311 810 1
311 454 24
311 927 115
311 618 75
311 646 73
311 958 84
311 527 51
311 582 85
311 423 19
311 721 32
312 988 77
312 376 125
312 557 1
312 751 1
312 918 118
312 791 14
312 873 26
312 978 57
312 842 50
312 687 142
312 621 1
312 905 11
312 949 123
312 576 1
313 383 78
313 363 103
313 646 98
313 377 1
313 576 49
313 343 1
313 775 121
313 916 91
313 740 82
313 861 63
314 344 25
314 496 46
314 894 85
314 671 1
314 981 95
314 643 1
314 866 125
314 553 46
314 402 155
315 478 84
315 508 53
315 809 133
315 377 20
315 769 3
315 838 43
315 587 24
315 383 135
315 554 8
315 502 73
315 697 1
316 345 101
316 446 1
316 968 34
316 987 89
316 825 36
316 887 46
316 437 32
316 580 112
316 975 28
316 482 17
316 487 121
317 815 43
317 911 105
317 424 64
317 689 69
317 437 1
317 690 78
317 858 77
317 429 1
317 856 30
317 588 71
317 549 122
317 655 42
318 523 1
318 573 119
318 332 89
318 639 1
318 719 87
318 743 1
318 827 94
318 748 49
318 707 34
318 792 107
318 854 136
318 879 20
318 771 107
318 773 89
318 581 84
318 366 1
318 503 23
318 903 1
319 521 38
319 760 141
319 988 58
319 880 53
319 592 1
319 975 23
319 962 67
319 951 75
319 375 29
320 457 14
320 681 107
320 596 5
320 830 30
320 422 122
320 876 3
320 341 1
320 601 1
320 743 89
320 486 1
320 433 93
320 688 59
320 594 20
320 479 1
320 811 75
320 814 23
320 784 43
321 517 93
321 840 71
321 824 1
321 923 1
321 946 119
321 621 160
321 403 1
321 879 31
321 438 32
321 800 18
321 526 52
322 728 41
322 641 52
322 447 59
322 579 22
322 614 1
322 649 19
322 618 1
322 389 9
322 394 49
323 913 72
323 951 7
323 659 31
323 498 65
323 349 1
323 673 118
323 701 69
323 742 63
323 739 8
323 516 95
324 341 19
324 459 74
324 752 49
324 962 43
324 632 133
324 518 55
324 966 46
324 860 63
324 637 18
325 989 55
325 778 16
325 688 134
325 740 41
325 872 65
325 843 54
325 521 58
325 348 33
325 508 67
325 870 109
325 711 73
326 385 59
326 503 1
326 532 13
326 726 94
326 898 107
326 355 38
326 536 35
326 952 92
326 409 46
326 498 64
326 811 1
326 801 56
326 837 78
326 712 46
326 648 156
326 994 30
326 474 94
327 886 52
327 443 1
327 908 86
327 893 19
327 796 6
327 400 53
327 909 68
327 685 117
327 572 20
327 469 2
327 656 141
328 519 22
328 528 61
328 840 34
328 771 1
328 512 1
328 476 113
328 815 61
328 701 168
328 339 57
328 871 1
328 363 84
329 851 88
329 579 60
329 331 41
329 595 37
329 907 122
329 967 1
329 596 9
329 891 107
329 371 56
329 545 110
329 999 26
329 845 124
329 990 61
329 947 67
330 352 1
330 457 31
330 371 1
330 888 179
330 527 102
330 359 1
330 365 16
330 899 1
330 387 72
330 342 169
331 553 123
331 982 66
331 440 12
331 340 18
331 484 57
331 814 73
331 456 78
331 755 39
331 409 155
331 358 1
331 543 19
331 690 85
332 567 200
332 787 42
332 964 17
332 694 5
332 596 1
332 597 30
332 730 77
332 449 67
332 980 56
332 383 59
332 412 1
332 693 94
332 942 30
333 622 8
333 891 30
333 617 123
333 608 81
333 760 54
333 960 34
333 452 48
333 798 42
333 731 1
333 868 124
333 533 113
333 524 1
333 996 141
333 564 64
333 989 19
333 650 44
333 581 126
334 695 1
334 962 1
334 614 164
334 432 81
334 631 83
334 378 133
334 956 22
334 521 57
334 999 22
334 361 36
334 488 84
335 999 30
335 715 1
335 749 91
335 513 83
335 586 114
335 463 103
335 532 91
335 620 72
335 410 80
335 382 13
335 940 1
336 823 35
336 379 26
336 555 12
336 997 138
336 612 1
336 409 78
336 615 126
336 976 1
336 394 4
336 923 32
337 766 53
337 612 111
337 481 86
337 938 73
337 905 63
337 453 11
337 783 114
337 580 1
337 795 79
337 720 69
337 698 6
337 722 47
337 346 1
338 708 30
338 550 70
338 423 1
338 959 1
338 601 38
338 744 221
338 518 70
338 563 146
339 660 104
339 367 158
339 841 12
339 981 48
339 399 47
339 944 81
339 402 102
339 895 121
339 676 127
339 610 67
339 975 26
339 372 100
339 849 94
339 823 3
339 716 1
340 374 9
340 579 132
340 826 1
340 931 1
340 812 69
340 453 18
340 379 31
340 429 112
340 877 7
340 928 164
340 365 48
341 427 143
341 395 67
341 350 69
341 980 10
341 495 55
342 781 57
342 970 58
342 733 1
342 433 87
342 952 1
342 783 46
342 745 74
342 394 110
342 442 1
342 931 66
342 592 12
343 759 1
343 461 144
343 886 153
343 589 59
343 742 142
343 885 7
343 610 76
343 972 11
343 838 73
343 917 126
343 503 127
344 594 22
344 940 120
344 434 3
344 620 80
344 992 1
344 435 118
344 946 39
344 780 145
344 617 6
344 509 1
344 564 104
344 633 53
344 755 98
345 431 51
345 481 43
345 642 32
345 946 1
345 535 1
345 577 1
345 815 67
345 973 69
346 584 85
346 396 1
346 699 78
346 840 72
346 966 43
346 374 99
346 856 72
346 773 93
346 950 109
346 375 37
346 596 104
346 443 52
346 918 1
346 492 69
346 834 70
347 585 23
347 408 51
347 829 115
347 359 33
347 351 31
347 768 1
347 694 5
347 966 77
347 982 55
347 482 39
347 650 73
348 771 5
348 628 55
348 574 27
348 699 76
348 872 40
348 614 14
348 736 115
348 972 125
348 783 27
348 876 72
348 647 75
348 678 124
348 809 60
348 755 61
348 436 129
348 667 49
349 485 121
349 640 186
349 864 85
349 512 98
349 507 29
349 635 95
349 595 1
349 481 23
349 845 1
349 645 4
350 726 83
350 887 90
350 585 1
350 393 88
350 487 85
350 876 169
350 580 9
350 417 1
350 802 1
350 352 16
350 709 79
350 896 19
350 933 24
350 832 182
350 767 42
350 538 36
351 595 112
351 460 100
351 803 52
351 827 15
351 760 16
351 747 17
351 420 57
351 755 1
351 628 37
351 905 96
351 618 90
351 866 7
351 504 60
351 780 3
351 620 54
352 449 66
352 641 25
352 645 129
352 768 29
352 855 110
352 896 76
352 639 27
352 374 1
352 635 111
352 379 9
352 568 45
353 423 59
353 536 98
353 923 1
353 724 36
353 685 51
353 572 73
353 794 8
353 595 40
353 743 105
354 372 1
354 650 55
354 924 65
354 556 147
354 585 75
354 455 1
354 402 1
354 965 71
354 980 1
354 967 1
354 816 67
354 608 34
355 809 1
355 765 12
355 746 61
355 584 45
355 879 1
355 619 86
355 658 122
355 408 91
355 393 6
355 423 60
355 805 33
355 663 87
355 718 27
355 778 1
355 462 72
355 722 51
355 406 60
355 511 112
356 514 8
356 904 79
356 802 37
356 952 1
356 829 111
356 752 34
356 743 87
356 665 1
356 402 47
356 741 83
356 800 106
356 722 102
356 478 37
356 545 31
357 413 28
357 813 67
357 444 75
357 425 61
357 655 94
357 717 48
357 579 73
357 679 114
358 753 47
358 741 30
358 519 1
358 846 63
358 367 8
358 553 31
358 930 41
358 661 9
358 524 119
358 663 58
358 698 1
358 940 1
358 887 32
358 527 153
358 487 34
359 382 44
359 456 68
359 789 35
359 434 1
359 860 115
359 998 46
359 665 33
359 949 83
359 972 45
359 769 63
359 669 48
359 997 1
359 416 41
359 741 5
359 391 113
359 892 1
359 855 3
359 846 105
359 978 69
359 704 49
359 885 31
359 923 82
359 931 33
360 861 17
360 446 118
360 442 134
360 621 1
360 522 73
360 801 1
360 398 1
360 839 74
360 466 43
360 671 66
360 803 1
360 908 15
360 732 16
360 532 25
361 430 23
361 848 36
361 457 88
361 860 31
361 999 54
361 646 1
361 478 1
361 555 60
361 383 20
362 737 5
362 947 70
362 699 90
362 619 70
362 827 166
362 661 23
362 912 28
362 496 116
362 742 32
362 937 76
362 497 1
362 451 113
362 420 137
362 878 1
362 368 1
362 490 92
362 851 99
362 413 40
363 436 3
363 665 81
363 460 1
363 511 4
363 464 1
363 700 57
363 815 114
363 414 44
363 962 93
363 857 36
363 558 55
363 779 1
363 693 24
363 555 109
363 664 130
363 755 36
363 939 149
364 986 118
364 649 56
364 726 20
364 797 60
364 672 37
364 816 61
364 993 145
364 389 53
364 477 93
364 738 1
364 915 8
365 399 73
365 492 69
365 881 87
365 721 57
365 577 101
365 657 50
365 758 136
365 864 4
365 906 89
365 970 151
365 397 56
365 875 8
365 497 52
365 975 12
366 873 1
366 494 40
366 719 41
366 826 37
366 584 68
366 508 35
366 471 1
366 513 34
366 654 1
366 651 10
367 538 97
367 638 1
367 692 81
367 967 1
367 770 43
367 718 101
367 833 6
367 480 48
367 506 104
367 769 87
367 927 55
367 843 26
367 762 90
367 698 112
367 545 34
367 942 104
368 433 1
368 618 45
368 737 35
368 389 200
368 866 89
368 918 158
368 809 1
368 424 102
368 823 52
368 577 84
368 753 79
368 423 99
369 859 78
369 827 24
369 710 87
369 562 1
369 785 47
369 629 1
369 459 64
369 642 99
370 737 72
370 579 1
370 498 67
370 959 107
370 436 131
370 422 44
370 703 97
370 638 39
370 723 92
370 783 81
371 403 54
371 465 95
371 533 137
371 641 1
371 864 1
371 969 25
371 483 59
371 741 72
371 713 81
371 583 41
371 588 62
371 731 72
371 898 55
371 751 47
372 584 1
372 652 137
372 419 123
372 829 1
372 830 83
372 620 48
372 492 121
372 456 1
372 904 146
372 668 59
372 739 1
372 991 1
372 996 45
372 939 115
372 788 80
373 486 46
373 749 1
373 974 41
373 415 70
373 673 1
373 470 102
373 992 1
374 377 68
374 978 82
374 929 99
374 954 115
374 957 13
374 707 30
374 551 46
375 389 1
375 663 1
375 749 116
375 883 14
375 906 62
375 690 13
375 881 50
375 814 29
375 740 33
375 653 26
375 860 81
375 490 49
375 642 1
375 484 1
375 819 114
375 741 33
375 669 42
375 990 1
375 498 74
376 551 20
376 745 59
376 393 59
376 853 109
376 681 63
376 921 81
376 560 127
377 548 1
377 960 119
377 793 11
377 950 1
377 995 114
377 817 57
377 400 57
377 792 23
377 478 95
377 929 37
377 581 60
377 528 19
377 663 60
377 442 121
377 418 60
378 869 75
378 405 1
378 507 1
378 804 31
378 956 1
378 797 46
378 898 1
378 693 40
378 423 47
378 579 14
378 856 113
378 800 1
379 496 6
379 769 1
379 384 82
379 913 122
379 558 112
379 728 49
380 399 60
380 419 12
380 974 66
380 800 71
380 803 104
380 947 43
380 580 20
380 475 13
380 948 1
381 516 42
381 805 17
381 504 38
381 745 1
381 631 36
381 941 1
382 470 64
382 831 70
382 779 84
382 639 8
382 743 1
382 958 3
382 749 42
382 863 1
382 937 29
383 536 1
383 689 94
383 395 98
383 864 135
383 842 36
383 551 91
383 655 38
383 405 55
383 873 78
383 721 31
383 687 36
383 882 52
383 888 83
383 734 57
384 482 61
384 647 68
384 965 17
384 889 49
384 778 32
384 680 140
384 484 106
384 534 1
384 928 1
384 943 16
384 487 23
384 436 92
384 877 28
385 747 1
385 484 1
385 989 36
385 724 19
385 686 28
385 946 1
385 559 16
385 498 88
385 941 118
385 632 120
385 692 90
385 396 1
385 962 133
386 535 28
386 677 32
386 974 105
386 450 96
386 520 15
386 424 74
386 426 48
386 700 7
386 511 21
386 538 45
386 389 76
387 554 1
387 943 151
387 856 1
387 563 103
387 398 73
387 600 1
387 844 48
387 971 109
387 619 1
387 772 52
387 882 38
387 800 5
388 959 50
388 796 1
388 788 1
388 758 45
388 915 39
388 858 101
388 529 1
388 553 49
388 397 49
388 668 1
388 792 1
388 517 74
388 557 30
389 876 107
389 461 83
389 658 3
389 436 60
389 623 81
389 622 59
389 877 19
389 433 12
389 976 84
389 580 26
389 799 71
390 646 1
390 820 50
390 437 13
390 981 1
390 810 81
390 947 209
390 665 63
390 789 16
391 686 62
391 503 48
391 527 33
391 718 60
391 607 56
391 490 82
391 751 7
391 434 68
391 885 1
391 398 34
392 476 24
392 882 101
392 519 109
392 915 92
392 802 110
392 756 70
392 684 38
392 512 37
392 539 9
393 555 34
393 808 5
393 396 34
393 726 125
393 784 6
393 743 92
393 818 84
393 828 82
393 978 10
393 859 135
393 852 96
393 944 60
393 416 85
393 505 149
394 740 121
394 852 38
394 779 22
394 772 63
394 769 84
394 868 97
394 813 76
395 434 56
395 436 61
395 718 78
395 604 60
395 631 59
395 921 69
395 640 1
395 758 123
395 996 1
395 802 108
395 967 120
395 760 146
396 636 28
396 713 84
396 762 88
396 727 1
396 788 91
396 712 63
396 442 1
396 1000 65
396 421 128
396 428 40
396 995 77
396 543 102
396 864 21
396 758 103
397 617 44
397 795 17
397 464 125
397 476 20
397 517 91
397 409 1
397 854 24
397 672 1
397 521 4
398 401 120
398 404 96
398 903 43
398 854 82
398 485 38
398 943 46
398 473 19
398 698 45
398 711 68
398 520 104
398 830 122
398 712 1
399 670 21
399 685 72
399 639 112
399 555 21
399 420 118
399 453 60
399 672 37
399 654 73
399 457 80
399 632 1
399 849 93
399 458 71
399 611 75
400 453 102
400 723 69
400 933 49
400 571 43
400 925 1
400 797 78
400 938 78
400 818 37
400 879 69
400 924 1
401 560 25
401 651 56
401 855 1
401 896 47
401 839 59
401 765 8
401 803 1
401 529 11
401 446 14
402 982 42
402 802 89
402 617 22
402 666 93
402 731 166
402 745 1
402 838 9
402 553 3
402 773 82
403 506 37
403 525 34
403 675 153
403 994 37
403 697 73
403 932 72
403 645 28
403 405 39
403 729 101
403 416 1
403 599 56
403 660 110
403 748 14
403 774 46
403 552 1
403 812 26
403 559 29
404 472 11
404 881 25
404 816 37
404 598 36
404 612 108
404 731 48
404 539 36
405 493 106
405 725 1
405 791 1
405 542 44
405 531 24
405 902 96
405 797 74
405 595 1
405 515 34
405 499 1
405 997 1
405 977 45
406 627 63
406 839 10
406 487 169
406 429 1
406 611 89
406 526 91
406 679 76
407 688 71
407 771 21
407 459 34
407 907 72
407 822 8
407 872 50
407 714 9
407 903 104
407 972 96
407 730 40
407 693 74
407 916 1
407 446 114
407 616 1
408 543 60
408 701 129
408 730 1
408 718 64
408 784 45
408 667 67
408 702 1
408 508 83
408 461 103
408 952 82
408 884 93
408 654 1
408 533 97
408 740 111
408 963 50
409 570 32
409 674 5
409 820 41
409 969 61
409 853 28
409 952 29
409 584 28
409 995 52
409 436 104
409 526 10
409 850 11
409 880 90
409 619 1
409 956 37
410 837 62
410 813 46
410 476 183
410 594 51
410 602 1
410 947 42
410 517 56
411 894 85
411 647 118
411 428 71
411 854 1
411 587 49
411 472 4
411 629 60
411 700 67
411 789 35
411 583 1
411 579 41
411 479 40
411 510 23
412 969 1
412 897 49
412 630 110
412 835 68
412 779 36
412 461 28
412 908 1
412 564 79
412 422 139
412 421 89
412 848 1
413 425 99
413 829 39
413 651 127
413 984 127
413 465 48
413 818 135
413 783 105
413 475 1
414 415 63
414 491 1
414 758 89
414 850 57
414 757 1
414 452 98
414 492 33
414 816 64
414 576 65
414 518 43
414 484 53
414 463 25
414 786 39
414 475 77
414 618 54
415 494 66
415 521 129
415 617 48
415 486 14
415 940 1
415 519 8
415 857 134
415 483 104
415 903 48
415 680 78
415 620 86
415 702 1
415 543 42
415 685 42
415 556 54
415 517 1
415 443 14
416 785 73
416 473 1
416 670 1
417 620 85
417 439 106
417 776 1
417 593 1
417 999 19
417 668 45
417 633 15
417 434 64
418 694 46
418 440 21
418 947 47
418 723 130
418 608 45
418 485 94
418 676 37
418 926 1
418 756 2
418 799 115
419 432 29
419 693 39
419 624 1
419 956 70
419 591 95
419 715 25
419 935 55
419 847 108
419 710 59
419 604 41
419 718 1
420 535 91
420 518 71
420 718 29
420 966 68
420 721 107
420 682 36
420 616 32
421 720 107
421 723 26
421 686 28
421 771 1
421 798 38
421 448 59
421 616 92
421 582 29
421 916 33
421 457 107
422 612 1
422 902 1
422 765 47
422 423 98
422 792 83
422 633 34
422 997 63
422 695 61
422 800 79
422 870 15
422 539 1
422 813 44
423 981 78
423 934 109
423 590 58
423 972 1
423 458 1
423 945 87
423 703 26
423 957 75
424 679 116
424 749 21
424 913 27
424 843 186
424 821 94
424 805 98
425 988 29
425 535 36
425 490 131
425 733 56
425 710 41
425 575 16
426 427 159
426 471 70
426 676 92
426 827 36
426 913 10
426 571 107
426 512 48
426 682 79
426 685 36
426 615 52
426 857 1
426 969 1
426 783 74
426 563 102
426 687 55
426 807 84
426 891 1
427 932 27
427 674 49
427 908 47
427 985 35
427 955 55
427 813 1
427 830 1
427 620 45
427 971 49
428 717 68
428 937 127
428 753 112
428 600 1
428 436 1
428 505 59
428 630 34
428 687 116
429 623 127
429 798 35
429 902 1
429 757 1
429 694 67
429 758 55
429 822 6
429 579 60
429 471 37
430 438 57
430 509 1
430 652 68
430 482 89
430 691 84
430 470 25
430 524 2
430 556 92
430 787 118
430 981 40
430 451 16
430 832 1
431 501 114
431 884 39
431 768 33
431 945 26
431 944 3
431 502 61
431 880 1
431 577 1
431 877 5
432 991 124
432 823 1
432 558 1
432 698 99
432 703 117
432 475 13
432 934 45
432 526 81
432 679 1
433 971 16
433 530 68
433 450 7
433 709 22
433 606 30
433 577 48
433 874 76
433 560 59
433 881 1
434 503 1
434 876 65
434 906 38
434 466 2
434 511 15
434 472 57
435 481 69
435 848 1
435 833 87
435 808 74
435 977 105
435 572 1
435 721 12
436 518 37
436 541 177
436 704 98
436 851 68
436 946 83
436 470 31
436 577 106
436 670 1
436 728 1
436 724 1
436 718 86
436 561 47
436 960 70
436 864 1
437 649 134
437 811 73
437 933 25
437 546 1
437 578 76
437 939 51
437 668 43
437 997 8
438 547 27
438 577 5
438 730 65
438 896 28
438 707 103
438 647 47
438 473 51
439 859 35
439 683 105
439 546 19
439 931 120
439 772 95
439 682 17
439 647 1
439 669 66
439 658 78
439 813 78
439 441 10
440 917 94
440 526 1
440 551 19
440 986 69
440 641 123
441 788 19
441 948 33
441 998 51
441 861 2
441 525 84
441 712 30
441 447 150
442 643 66
442 849 44
442 824 1
442 589 128
443 519 57
443 673 19
443 975 68
443 918 51
443 778 72
443 571 75
444 559 74
444 735 105
444 932 42
444 476 62
444 557 176
444 978 80
444 782 1
444 902 26
444 643 1
444 674 52
445 730 101
445 681 26
445 881 66
445 878 58
445 824 30
445 975 177
445 969 18
445 816 57
445 926 123
445 594 1
445 736 59
445 608 78
446 829 52
446 678 70
446 747 139
446 882 1
446 910 1
446 965 28
446 505 150
446 595 6
446 780 77
446 790 24
447 602 47
447 626 77
447 645 15
447 783 1
447 695 17
447 877 61
447 544 65
447 848 3
447 557 1
447 957 109
448 832 105
448 968 69
448 490 57
448 681 31
449 451 107
449 823 1
449 465 137
449 978 41
450 527 10
450 690 83
450 884 166
450 582 105
450 694 1
450 997 63
450 466 88
450 955 1
450 676 29
450 521 103
450 703 103
450 590 63
451 970 76
451 902 1
451 850 117
451 527 59
451 783 41
451 785 102
451 739 31
451 936 1
451 534 71
451 557 1
451 671 89
451 593 42
451 940 16
451 953 1
451 644 101
452 666 67
452 881 48
452 538 50
452 563 38
452 844 1
452 495 30
452 856 69
452 576 1
452 900 102
452 601 63
453 497 23
453 878 54
453 901 84
453 888 57
453 712 101
454 816 1
454 955 78
454 465 61
454 880 1
454 923 42
454 683 129
454 799 88
454 744 6
454 857 46
455 601 33
455 696 1
455 948 1
455 651 37
455 610 39
455 474 27
455 544 1
455 916 1
455 851 98
455 766 84
456 682 51
456 855 57
456 932 71
456 919 62
456 749 40
456 465 1
456 541 149
456 579 30
456 501 8
456 544 21
456 668 62
457 961 1
457 574 1
457 463 150
457 807 1
457 835 83
457 562 74
457 515 11
457 925 77
457 534 1
458 527 127
458 947 92
458 814 87
458 796 7
458 878 75
458 988 47
458 804 87
459 727 68
459 593 70
459 638 82
459 716 27
459 667 1
459 635 21
460 546 1
460 592 1
460 936 76
460 948 1
460 889 30
460 850 1
460 538 1
460 982 43
460 755 111
461 735 97
461 685 1
461 886 95
461 694 78
461 915 120
461 904 39
461 481 37
461 796 64
461 575 65
462 841 120
462 667 1
462 474 33
462 705 1
462 668 26
462 592 82
462 957 96
463 739 79
463 720 75
463 626 86
463 765 66
463 492 71
463 503 108
463 756 1
463 490 93
463 771 76
464 529 68
464 545 1
464 691 1
464 993 1
464 549 49
464 627 73
465 799 45
465 688 1
465 545 15
465 732 52
465 662 61
465 510 1
465 954 8
465 915 132
465 766 11
465 966 95
465 926 56
465 633 27
466 984 1
466 606 1
466 956 63
466 672 34
466 683 52
466 966 60
467 644 105
467 889 7
467 610 88
467 760 83
467 677 35
467 515 10
467 641 69
467 773 43
467 914 91
467 660 40
467 849 2
467 528 51
468 744 1
468 578 48
468 535 53
468 633 1
468 624 1
469 605 87
469 480 1
469 672 121
469 774 20
469 547 12
469 979 1
469 718 1
469 666 7
469 688 1
469 491 77
469 560 55
469 893 101
469 631 1
469 733 67
469 914 75
469 579 1
469 882 25
470 618 62
470 853 93
470 898 79
470 769 86
471 544 123
471 593 124
471 939 37
471 516 79
471 857 1
471 594 72
471 766 61
471 746 91
471 657 84
471 932 47
471 834 70
471 733 129
471 576 12
471 626 49
471 998 19
472 486 53
472 848 23
472 711 29
472 802 1
472 757 69
472 904 1
472 517 1
472 540 92
473 865 93
473 752 29
473 657 141
474 927 1
474 851 81
474 998 77
474 727 45
474 801 16
474 968 110
474 878 23
474 900 1
474 618 21
475 608 161
475 995 34
475 986 101
475 490 83
475 527 1
475 612 70
475 503 67
475 944 1
475 808 1
475 987 56
476 564 45
476 841 80
476 545 18
476 707 54
476 858 1
476 494 1
476 874 121
477 828 59
477 478 36
477 895 53
477 790 95
477 774 12
477 800 112
477 931 153
477 593 23
477 526 58
477 705 18
477 921 166
478 969 77
478 593 53
478 545 171
478 933 13
478 672 38
478 959 132
478 790 41
478 536 35
478 710 118
478 629 126
479 552 94
479 926 46
479 525 126
479 934 87
479 791 1
479 554 156
479 698 90
480 799 81
480 670 131
480 766 38
480 827 72
480 769 25
480 953 53
480 539 1
480 641 36
481 606 150
481 988 82
481 625 79
481 750 12
481 797 8
481 910 1
481 504 93
481 657 62
481 668 6
481 851 70
481 640 18
481 894 58
481 960 104
481 785 1
482 844 122
482 988 29
482 517 1
482 510 90
482 634 1
482 616 8
483 550 59
483 929 59
483 791 35
483 605 40
483 539 87
483 783 3
483 637 83
484 773 66
484 606 9
484 660 70
484 938 61
484 678 16
484 998 50
485 772 80
485 969 98
485 989 89
485 775 82
485 533 19
485 569 1
485 917 59
485 734 82
485 656 9
485 699 74
485 900 118
485 791 75
485 536 19
486 526 102
486 622 1
486 610 73
486 775 97
486 945 9
486 697 92
486 790 60
486 600 1
486 931 18
486 986 47
486 621 1
487 840 58
487 635 30
487 837 76
487 600 35
487 757 145
487 904 60
487 606 131
487 740 25
487 642 42
487 533 28
488 740 94
488 799 80
488 854 1
489 591 91
489 498 124
489 526 121
489 807 5
489 796 70
489 942 140
489 736 44
489 774 82
489 719 9
489 508 55
490 870 82
490 840 55
490 538 61
490 652 49
490 987 58
490 980 89
490 598 28
490 714 1
490 549 150
490 620 27
490 721 180
490 854 109
490 639 92
490 494 8
491 562 49
491 551 45
491 503 55
491 787 87
491 899 86
491 603 61
491 817 119
491 575 16
492 552 77
492 686 18
492 982 40
493 563 104
493 898 99
493 881 108
493 902 92
493 577 50
494 779 1
494 588 33
494 795 1
494 842 57
494 773 11
494 499 125
494 522 96
494 797 42
494 875 44
495 651 22
495 818 1
495 934 4
495 829 8
495 745 1
495 601 55
496 748 1
496 837 13
496 693 86
496 654 29
496 788 29
496 676 51
496 737 50
496 644 1
496 537 37
496 606 121
496 910 26
496 951 96
497 735 16
497 727 113
497 842 58
497 915 137
497 886 9
498 800 57
498 807 8
498 935 166
498 907 71
498 745 7
498 872 1
499 501 42
499 801 108
499 881 81
499 649 74
499 730 3
499 725 54
499 727 10
499 772 69
500 588 52
500 822 1
500 664 57
500 998 47
500 765 1
500 830 23
501 736 27
501 531 1
501 697 104
501 755 116
501 903 1
501 894 50
501 956 110
502 667 94
502 588 14
502 569 120
502 573 1
502 679 99
502 791 176
502 822 34
502 847 68
503 639 57
503 956 1
503 537 84
503 925 137
503 593 63
503 855 95
504 950 1
504 934 58
504 891 129
504 611 119
504 551 66
504 677 26
504 782 16
504 576 1
505 929 99
505 540 125
505 778 1
505 939 88
505 691 1
505 561 41
505 988 94
505 948 49
506 630 31
506 851 35
506 559 63
506 848 81
506 836 43
507 892 1
507 724 49
507 775 72
507 861 108
507 968 1
507 514 16
507 876 1
507 559 1
507 600 11
508 973 1
508 683 1
508 525 77
508 872 14
508 628 30
508 961 56
508 707 81
508 856 93
508 795 1
508 965 56
509 723 130
509 655 1
509 860 46
509 870 1
509 859 30
509 610 6
509 885 1
509 886 88
509 633 1
510 977 6
510 855 9
510 623 1
510 610 100
510 555 105
510 688 79
510 788 53
510 975 91
510 889 74
510 582 1
510 590 133
510 703 81
511 976 81
511 513 93
511 584 1
511 847 73
511 598 49
511 775 111
511 788 125
511 915 106
511 626 150
512 760 30
512 601 59
512 844 100
512 820 105
512 838 64
512 897 17
512 545 76
512 663 141
512 982 34
512 749 37
512 551 14
513 723 1
513 746 52
513 835 126
513 976 44
514 601 10
514 740 1
514 977 1
514 527 76
514 954 29
514 969 53
515 820 75
515 917 108
515 739 14
515 872 43
515 828 55
515 951 41
515 962 48
515 540 99
515 586 84
516 926 87
516 551 1
516 726 74
516 950 72
516 577 120
516 800 1
516 855 28
516 902 102
516 863 8
516 775 69
516 943 35
516 533 1
517 589 98
517 802 153
517 853 81
517 643 48
517 815 103
517 925 43
517 721 1
517 548 78
517 668 84
517 611 65
517 910 18
518 849 129
518 854 89
518 524 77
518 677 1
518 522 1
518 704 71
518 996 44
518 600 1
519 676 108
519 769 128
519 689 55
519 619 72
519 601 1
519 971 70
519 840 60
519 555 1
519 681 1
519 895 112
519 535 1
520 945 34
520 927 139
520 812 51
520 970 31
520 911 92
520 938 131
520 569 1
520 845 1
520 565 29
521 818 91
521 810 1
521 758 42
521 793 1
521 581 118
521 664 81
521 679 76
521 674 76
521 525 48
521 935 82
522 914 60
522 744 38
522 734 125
522 544 93
522 648 60
522 798 48
522 828 15
522 922 1
522 613 44
523 637 114
523 678 100
523 738 128
523 910 126
523 931 27
523 947 1
523 553 53
523 713 18
523 900 149
523 744 60
523 565 94
523 612 78
523 962 65
524 576 1
524 597 1
524 976 100
524 577 1
524 787 135
524 710 58
524 633 33
524 848 54
524 894 123
525 552 63
525 699 2
525 976 72
525 748 1
525 650 120
525 970 99
526 579 34
526 801 106
526 543 50
526 870 26
526 738 42
526 886 39
527 624 81
527 848 93
527 981 58
527 830 160
527 879 1
527 920 45
527 630 119
527 805 101
527 964 1
527 721 1
527 690 8
527 691 129
527 993 30
527 670 1
528 989 42
528 716 50
528 663 162
528 552 29
528 861 37
528 701 25
528 649 125
528 850 83
528 771 7
529 701 43
529 907 57
529 776 108
529 969 79
529 958 62
529 642 15
529 567 111
529 623 114
529 888 8
529 768 18
529 637 1
530 565 119
530 909 73
530 847 23
530 694 60
530 610 1
530 720 119
530 899 90
531 604 102
531 797 107
531 816 1
531 965 1
531 914 1
531 574 1
531 990 189
532 682 49
532 899 63
532 894 132
532 605 1
532 621 102
532 696 65
532 863 1
532 555 3
532 961 69
533 575 57
533 904 57
533 807 70
533 756 79
534 703 84
534 835 1
534 695 1
534 736 1
534 656 93
534 730 70
534 637 15
534 841 30
534 991 101
534 602 86
534 601 1
535 948 91
535 666 30
535 766 13
535 557 1
535 832 30
535 947 122
535 562 64
535 830 47
536 858 1
536 767 61
536 927 12
536 636 94
536 559 14
536 593 62
536 606 38
537 659 1
537 904 1
537 574 25
537 945 1
537 595 21
537 652 80
537 541 7
537 988 7
537 550 67
537 745 32
537 614 70
537 986 12
537 790 23
537 663 104
537 702 1
537 793 8
538 966 41
538 881 148
538 982 83
538 619 10
538 778 65
538 907 1
538 835 1
539 602 1
539 812 45
539 722 61
539 994 89
540 730 94
540 615 87
540 552 48
540 999 116
540 939 38
540 926 51
541 617 1
541 929 53
541 792 1
541 712 31
541 598 59
541 934 108
541 917 94
542 729 19
542 893 67
542 589 89
542 726 44
542 870 9
543 561 8
543 684 1
543 664 25
543 821 86
543 916 83
543 739 178
543 812 37
543 737 159
544 783 58
544 725 73
544 870 65
544 637 15
544 917 52
544 990 1
544 770 12
544 585 94
545 872 1
545 959 56
545 602 120
545 951 9
545 895 1
545 861 1
545 878 57
546 619 25
546 622 73
546 813 66
546 747 50
546 750 78
547 779 28
547 716 29
547 850 1
547 922 78
547 586 33
547 785 89
548 624 58
548 873 52
548 900 48
548 964 17
548 638 24
548 945 14
548 576 47
548 838 135
548 971 110
549 997 67
549 765 85
549 796 1
549 970 68
549 801 75
549 773 168
549 982 71
549 983 1
549 819 87
550 720 1
550 842 46
550 740 1
550 758 51
551 719 28
551 940 115
551 985 34
551 840 82
551 629 1
551 725 82
551 662 158
551 657 77
551 841 110
551 613 1
551 800 153
552 617 1
552 1000 80
552 753 23
552 604 19
552 583 5
553 993 61
553 732 100
553 804 100
553 979 148
553 603 147
553 919 169
554 630 73
554 834 23
554 923 74
554 706 5
554 821 148
554 675 71
554 932 40
554 889 39
554 800 43
554 626 110
554 609 86
554 813 6
555 779 52
555 769 65
555 702 82
555 616 93
556 990 150
556 702 1
556 930 92
557 731 18
557 872 43
557 899 40
557 900 83
557 811 1
557 768 48
557 953 63
557 688 8
558 603 75
558 984 116
558 849 102
558 624 1
558 727 38
558 819 87
558 947 92
559 848 53
559 761 3
559 824 30
559 579 74
559 838 101
560 918 1
560 640 23
560 966 105
560 601 102
560 817 1
560 787 93
560 588 20
560 878 1
560 852 55
560 764 56
561 602 12
561 620 145
561 812 85
561 738 1
561 728 130
561 830 46
561 930 25
561 643 1
561 935 111
562 643 165
562 678 64
562 808 40
562 772 87
562 932 1
562 730 107
563 644 6
563 998 54
563 962 161
563 845 148
563 954 59
563 625 19
564 750 43
564 712 18
564 916 1
564 601 121
564 847 14
564 799 125
564 655 35
564 748 22
565 956 154
565 680 11
565 642 55
565 650 130
565 651 1
565 725 105
565 927 1
565 866 108
566 720 44
566 614 74
566 923 119
566 586 114
566 758 94
567 799 74
567 956 167
567 850 34
567 673 125
567 605 122
567 819 9
567 808 28
567 640 111
568 710 62
568 951 1
568 796 123
568 596 65
568 955 50
568 897 65
568 632 125
568 761 86
568 915 78
568 812 29
569 908 46
569 845 79
569 743 17
569 957 47
570 756 1
570 886 1
570 660 5
570 983 76
570 709 54
570 582 37
570 942 19
570 741 52
570 899 43
571 684 1
571 582 32
571 708 56
571 729 77
571 781 27
571 817 67
571 851 36
571 596 25
571 766 19
572 999 66
572 994 36
572 857 12
572 738 17
573 733 57
573 720 168
573 643 17
573 768 34
573 613 123
573 773 184
573 659 88
573 962 41
573 763 1
573 992 64
573 841 12
573 891 41
574 970 1
574 811 84
574 906 1
574 765 77
574 695 1
575 651 35
575 641 1
575 605 84
575 904 2
575 818 1
575 793 1
575 665 69
575 907 1
575 771 61
575 892 44
575 805 67
575 686 76
576 913 1
576 896 121
576 823 1
576 782 92
577 974 20
577 670 143
577 829 30
577 853 89
577 707 44
577 776 1
577 862 1
578 988 29
578 685 58
578 730 34
578 851 86
578 969 45
578 958 89
578 846 139
578 802 57
579 775 1
579 770 1
579 914 1
579 795 63
579 884 33
579 700 75
579 857 36
579 602 1
579 871 29
579 805 49
579 609 15
580 726 162
580 947 1
580 819 95
580 760 102
580 659 173
580 930 124
581 798 76
581 963 70
581 906 31
581 937 1
581 964 1
582 763 45
582 615 103
582 617 7
583 853 25
583 849 52
583 848 47
583 906 34
583 784 79
583 878 47
583 691 1
583 971 119
583 792 1
584 615 24
584 899 61
584 839 54
584 696 113
584 967 79
584 919 103
585 810 1
585 746 85
585 816 117
585 687 104
585 692 37
585 950 111
585 626 29
585 661 1
585 620 82
585 738 45
586 705 1
586 937 41
586 599 13
586 765 8
586 778 56
586 748 165
586 762 65
586 856 49
587 879 1
587 928 19
587 908 1
587 878 115
587 877 78
587 605 88
587 876 98
587 699 81
587 978 48
588 632 1
588 713 124
588 915 56
588 775 28
588 818 123
588 787 125
588 828 96
588 898 84
588 645 1
588 596 61
588 731 21
589 806 61
589 593 92
589 788 1
589 755 92
589 918 10
589 977 124
589 759 36
589 628 38
590 597 40
590 685 1
590 841 76
590 615 1
590 851 44
590 702 2
590 790 1
590 819 1
591 762 35
591 867 1
591 934 1
591 915 119
591 643 11
592 977 1
592 720 48
592 823 57
592 750 66
592 834 64
592 798 45
592 659 67
593 694 25
593 665 108
593 604 143
593 927 1
593 996 70
594 889 1
594 787 129
594 667 34
594 903 54
594 709 36
594 641 100
595 751 112
595 703 44
595 681 51
595 704 36
595 990 2
595 761 128
595 787 23
595 967 65
596 679 110
596 847 1
596 891 76
596 823 54
596 860 113
596 811 38
596 711 1
597 671 124
597 921 48
597 991 57
597 939 1
597 805 49
597 679 55
598 600 1
598 698 67
598 622 116
598 620 41
598 885 1
598 884 1
599 600 125
599 814 106
599 613 1
599 869 52
599 985 1
599 688 28
599 827 130
599 865 1
600 698 100
600 781 3
600 611 46
600 645 34
600 836 1
600 612 67
600 718 1
600 741 1
601 714 67
601 909 77
601 721 1
601 773 43
601 955 82
601 615 27
601 768 67
602 770 145
602 663 110
602 693 151
602 981 61
602 892 24
602 690 1
602 974 27
602 979 71
602 879 104
603 965 99
603 617 12
603 693 1
603 827 1
603 810 1
603 999 1
603 675 119
604 660 73
604 741 112
604 765 60
604 623 28
604 809 69
604 780 1
604 639 41
604 957 64
605 647 67
605 896 90
605 750 103
605 933 80
605 898 1
605 687 44
605 716 1
605 743 20
605 610 124
605 955 15
605 748 32
605 730 65
606 629 41
606 792 68
606 683 13
606 648 1
606 854 1
606 939 120
606 669 55
606 668 65
606 797 50
606 814 1
606 833 16
606 777 136
606 694 80
606 779 43
607 613 94
607 977 68
607 704 83
607 689 5
607 820 1
607 976 79
607 895 40
607 635 1
607 988 56
607 892 1
607 793 57
608 829 82
608 806 62
608 944 1
608 726 70
608 990 5
608 832 26
609 645 1
609 948 14
610 657 1
610 727 70
610 630 1
610 954 87
610 637 72
610 739 76
610 896 82
610 789 1
610 794 17
611 664 62
611 896 90
611 730 88
611 933 8
611 949 98
611 853 71
612 744 29
612 821 71
612 957 50
612 816 64
612 778 1
613 963 43
613 935 1
613 990 110
613 840 24
613 682 28
613 622 16
613 784 1
613 934 54
613 852 128
613 912 59
614 869 67
614 801 1
614 763 25
614 692 14
614 962 1
614 893 115
614 743 38
614 821 14
614 791 32
614 617 68
614 711 88
614 744 87
615 716 18
615 795 18
615 780 17
616 728 1
616 669 38
616 684 103
616 860 107
616 915 68
616 864 84
616 651 23
616 827 30
616 658 112
617 829 90
617 709 75
617 742 78
617 830 1
618 902 15
618 871 38
618 771 33
618 890 39
618 801 56
618 843 55
618 783 115
618 859 45
618 755 40
618 893 82
618 679 114
619 817 13
619 712 118
619 702 37
619 977 118
619 778 88
619 996 97
619 625 46
619 877 34
620 770 6
620 847 79
620 650 1
620 951 27
620 917 1
621 777 37
621 916 19
621 723 155
621 951 29
622 790 43
622 823 111
622 821 1
622 920 3
622 816 54
622 671 35
622 656 85
622 638 64
623 910 1
623 906 84
623 676 97
623 924 28
623 661 1
623 953 1
624 833 36
624 989 79
624 937 21
624 701 46
624 714 88
624 695 48
624 720 1
624 764 71
624 972 15
624 665 52
625 843 13
625 820 102
625 765 1
625 781 1
625 951 52
625 712 83
625 830 96
625 886 29
625 894 91
625 692 25
625 944 1
625 914 66
625 890 74
625 782 99
626 779 76
626 695 119
626 929 63
626 826 96
626 841 34
627 972 59
627 788 56
627 755 97
627 787 88
628 788 7
628 694 36
628 665 1
628 954 46
628 813 77
628 883 69
628 691 59
628 791 18
628 848 49
628 642 1
629 661 28
629 653 35
629 949 34
629 666 100
629 648 101
630 870 42
630 632 49
630 637 14
630 935 81
630 779 133
630 705 35
631 899 23
631 775 10
632 812 108
632 919 1
632 698 106
632 967 11
632 799 75
632 825 1
633 904 1
633 790 79
633 793 70
633 970 67
633 843 62
633 767 53
633 750 32
633 753 1
634 690 73
634 898 69
634 731 12
635 704 1
635 732 17
635 951 109
635 972 134
636 655 129
636 697 59
636 992 17
636 738 1
636 997 60
636 741 82
636 676 72
636 918 27
636 706 148
637 696 52
637 858 23
637 787 44
637 954 72
637 728 31
637 689 42
637 753 126
638 662 130
638 834 125
638 835 74
638 829 44
638 686 1
638 712 46
638 866 70
638 804 71
639 963 135
639 870 32
639 735 1
639 761 49
639 995 55
639 889 28
639 687 67
639 886 66
639 751 49
639 815 31
639 821 50
640 981 26
640 790 37
640 667 1
640 880 87
640 811 53
640 719 45
641 711 27
641 741 32
641 766 60
641 958 52
641 756 70
641 937 64
641 728 39
642 693 85
642 757 29
642 800 12
642 844 68
642 670 133
642 718 65
642 854 63
642 741 76
642 643 1
642 992 45
643 831 42
643 957 119
644 739 1
644 737 125
644 910 135
644 767 72
644 721 41
644 935 1
644 735 91
645 968 47
645 897 44
645 779 25
645 999 188
645 652 27
645 987 31
646 807 56
646 910 3
646 802 51
646 701 68
646 799 71
646 813 1
646 760 74
647 685 53
647 934 19
647 740 2
647 735 20
647 777 117
647 715 143
647 792 1
648 953 106
648 922 63
648 1000 40
648 887 53
648 820 1
648 681 59
649 967 1
649 896 53
649 931 35
649 843 1
649 895 1
649 886 85
650 897 1
650 927 50
650 935 63
650 857 87
650 976 117
650 985 111
650 788 54
650 734 28
651 765 93
651 792 47
651 710 20
651 902 9
651 809 48
651 861 59
651 749 16
651 701 118
652 852 164
652 831 75
652 776 30
652 676 168
653 865 25
653 705 10
653 875 54
653 929 43
653 852 20
653 760 1
654 923 1
654 842 17
654 856 79
654 656 26
654 785 1
654 920 146
655 675 119
655 746 62
655 966 119
655 866 46
655 944 83
655 915 11
656 710 64
656 720 93
656 764 17
656 869 66
656 949 61
657 890 99
657 712 5
657 842 119
657 854 40
658 956 10
658 970 93
658 697 15
658 889 145
658 831 85
659 904 18
659 999 93
659 847 77
659 708 49
659 882 100
659 945 1
660 908 136
660 875 1
660 771 15
660 856 53
660 922 135
660 890 2
660 800 34
660 805 1
661 923 44
661 925 56
661 905 96
661 954 69
661 679 81
661 961 1
662 691 70
662 831 1
662 888 118
662 694 23
662 832 82
662 912 46
662 894 84
662 802 78
662 795 1
663 976 21
663 934 103
663 868 49
663 732 47
664 771 146
664 728 27
664 882 26
664 933 26
664 865 1
664 886 1
665 882 61
665 876 28
665 805 8
666 733 78
666 959 93
666 954 90
667 712 1
667 676 88
667 975 11
667 688 102
667 875 91
667 858 42
667 820 126
668 774 90
668 710 1
668 707 81
668 895 1
668 839 18
668 756 50
669 926 90
669 806 67
669 748 54
669 959 51
669 812 6
669 827 1
669 832 116
669 792 15
669 866 40
669 971 21
670 888 16
670 978 1
670 789 195
670 889 88
670 795 52
670 855 1
671 918 36
671 753 1
671 998 44
671 752 12
671 882 110
671 923 81
671 873 112
671 855 1
671 934 50
671 728 21
672 752 21
672 711 90
672 957 1
672 984 1
673 894 1
673 792 102
673 716 87
673 746 56
673 810 2
673 926 61
673 797 1
673 925 81
674 849 1
674 769 9
674 746 67
674 799 55
675 900 51
675 815 104
675 762 83
675 896 132
675 688 33
675 870 28
675 793 97
676 848 78
676 922 149
676 976 125
676 859 77
676 807 1
676 728 91
677 966 22
677 872 98
678 908 20
678 995 17
678 966 114
678 769 128
678 945 70
678 682 24
678 837 96
678 723 1
678 827 34
679 702 1
679 788 37
679 772 146
679 877 41
679 910 114
680 796 135
680 928 6
680 843 47
681 993 35
681 838 120
681 692 27
681 812 103
682 746 27
682 824 59
682 895 59
682 791 1
683 759 38
683 991 48
683 910 15
683 718 30
683 886 92
683 901 43
683 705 4
683 745 111
683 830 58
684 937 107
684 865 134
684 863 62
684 875 90
684 768 59
684 914 69
684 739 70
685 711 79
685 794 1
685 750 61
685 905 104
685 862 89
686 691 67
686 921 84
686 943 38
686 853 104
686 738 35
686 782 11
687 738 116
687 861 69
687 894 114
687 959 61
688 749 1
688 748 1
688 969 25
689 743 78
689 766 21
689 755 1
689 914 61
689 773 1
689 718 45
689 762 64
689 873 147
689 921 91
690 732 1
690 828 6
690 915 1
690 717 56
690 966 1
690 856 19
690 719 56
691 905 25
691 945 108
691 820 140
691 818 69
691 907 1
691 736 44
691 758 99
692 783 1
692 803 130
692 694 100
692 725 34
692 817 167
692 854 22
692 879 1
692 891 1
693 940 1
693 839 44
693 695 1
693 710 59
693 701 26
693 987 130
693 903 64
694 932 47
694 792 34
695 782 102
695 717 19
695 862 58
695 853 1
696 997 139
696 846 3
696 779 59
697 861 102
697 974 1
697 972 80
697 870 106
697 808 1
698 943 70
698 894 1
698 807 75
698 717 90
698 886 33
698 996 56
698 731 1
699 747 45
699 852 63
699 750 105
700 742 187
700 866 72
700 807 180
700 846 158
700 712 80
700 945 31
700 790 62
700 752 1
701 845 4
701 832 21
701 793 101
701 825 101
701 748 140
702 890 166
702 871 109
703 888 46
703 778 1
703 747 23
703 887 97
703 740 31
703 735 75
704 830 1
704 738 41
704 970 35
704 776 64
704 985 80
704 810 14
704 745 33
705 975 51
705 914 68
705 708 7
705 817 53
705 838 65
706 759 56
706 789 119
706 855 111
706 978 66
706 992 104
706 766 34
707 936 102
707 980 12
707 754 38
707 889 32
707 899 1
708 864 75
708 783 1
708 843 111
709 914 99
709 839 48
709 970 95
709 940 113
709 784 1
709 765 122
710 712 104
710 728 148
710 928 53
710 947 92
710 770 1
711 920 45
711 764 34
711 833 1
711 891 54
711 793 1
711 979 76
711 809 1
711 992 116
711 846 39
711 987 99
712 807 1
712 992 1
713 806 1
713 753 42
713 721 149
714 886 172
714 957 57
714 889 131
714 994 17
714 993 87
714 756 59
715 748 18
715 720 182
715 919 1
715 897 50
715 820 60
716 739 1
716 845 94
716 998 158
716 848 69
717 866 1
717 748 1
718 771 31
718 843 12
719 751 58
719 772 57
720 730 146
720 795 22
720 999 208
720 989 38
721 809 1
721 782 1
721 893 99
721 746 42
721 945 1
722 728 30
722 927 112
723 829 70
723 881 1
723 726 1
723 887 92
724 933 35
724 974 71
725 780 57
725 726 50
725 764 41
725 751 87
725 793 84
726 987 1
726 835 34
726 934 6
726 907 66
726 882 39
726 964 175
726 981 1
727 780 24
727 746 80
727 789 28
728 889 37
728 847 44
728 902 22
728 1000 17
728 895 1
729 903 43
729 870 58
729 840 105
729 872 111
729 765 113
729 740 117
730 805 49
730 940 44
730 751 58
730 780 1
730 822 1
730 973 170
730 957 72
731 838 20
731 829 58
731 788 70
731 991 30
731 785 15
731 804 2
732 941 53
732 836 135
732 810 1
733 751 129
733 948 4
734 811 30
734 937 66
734 770 71
735 901 37
735 983 28
735 902 104
735 831 148
735 854 103
736 935 154
736 811 136
736 956 1
736 933 95
736 943 85
736 953 53
737 816 13
737 918 44
737 946 3
737 975 86
737 979 120
738 933 84
738 833 128
738 850 68
738 789 32
738 998 128
738 756 37
739 976 13
739 919 54
739 838 82
739 793 80
739 934 23
740 917 25
740 937 34
740 821 83
740 891 1
740 770 69
741 954 49
741 879 117
741 848 68
741 871 72
742 931 44
742 785 70
742 859 123
742 974 5
742 796 81
743 873 63
743 907 117
743 886 1
743 837 115
744 799 116
744 880 48
744 991 1
745 957 76
745 750 172
746 941 37
746 842 1
746 819 109
746 958 66
746 878 116
746 809 40
746 806 61
746 929 5
746 749 41
746 787 76
747 867 90
747 970 1
747 800 37
747 770 67
747 937 50
747 876 50
747 945 22
748 947 1
748 888 30
748 881 75
748 785 7
748 889 1
748 936 91
748 948 1
748 982 20
749 986 96
749 899 36
749 839 13
749 788 176
750 860 1
751 957 58
751 825 67
751 968 71
751 980 20
752 881 35
752 942 1
753 764 19
753 838 1
753 904 1
753 800 1
753 855 230
753 810 36
753 831 1
753 884 90
754 811 9
754 940 117
754 772 39
755 897 107
755 826 105
755 756 99
755 949 12
755 764 18
756 757 77
756 994 4
756 837 1
756 947 93
756 833 94
756 900 38
757 863 66
757 932 22
757 998 98
757 976 1
757 764 17
758 994 77
758 972 13
758 796 76
758 937 13
758 883 19
758 905 34
759 829 1
759 959 16
760 927 48
760 942 52
760 841 50
760 876 88
761 780 122
761 811 61
761 848 39
762 904 129
762 858 93
762 769 95
763 895 17
763 966 11
763 946 54
763 954 36
764 965 34
764 884 1
765 894 93
765 830 113
765 816 28
765 873 96
766 774 101
766 911 50
767 895 76
767 953 18
767 814 48
767 983 111
767 824 1
767 932 13
768 931 35
768 910 45
768 902 73
768 983 38
768 979 108
768 818 51
768 916 38
769 779 90
769 800 1
770 854 32
771 784 89
771 930 1
771 854 1
772 844 1
772 988 99
772 868 7
772 831 18
773 966 121
773 975 1
773 851 140
773 885 71
773 822 21
774 819 132
774 850 31
775 784 74
775 868 123
775 789 1
775 966 20
775 996 91
776 927 16
776 918 33
776 915 16
776 875 36
777 959 56
777 882 1
777 832 99
778 793 114
778 926 99
779 788 41
780 978 96
781 930 102
781 807 34
781 804 78
781 911 29
781 974 118
782 896 49
782 865 73
782 842 100
782 870 60
782 803 1
782 835 39
783 907 124
783 867 67
783 943 1
783 847 40
784 832 122
784 937 26
784 863 52
785 812 105
785 951 68
785 891 1
786 964 61
786 876 1
786 901 78
786 816 67
786 911 67
787 876 114
787 887 22
787 994 124
787 971 165
788 837 88
788 982 79
788 949 171
788 797 4
788 994 1
789 849 14
790 967 171
791 980 95
792 903 1
793 853 57
793 988 3
793 905 125
793 824 115
794 939 144
794 887 1
794 959 87
794 862 100
795 848 84
795 805 52
795 858 1
795 884 90
795 860 21
796 850 86
796 995 11
797 955 36
797 831 1
797 883 34
797 842 55
799 984 96
799 908 111
799 810 1
799 929 1
799 899 22
799 993 58
799 833 10
800 980 4
800 924 28
800 834 108
800 867 24
801 815 107
801 919 1
801 984 112
801 866 28
801 901 114
802 869 1
802 925 51
802 898 1
802 825 45
802 906 1
802 861 36
802 864 28
802 915 64
803 988 1
803 984 100
803 880 33
804 911 1
804 903 112
804 993 64
805 860 41
805 957 1
805 948 50
805 910 90
806 936 42
806 855 55
807 834 65
807 955 7
808 872 78
808 811 3
808 931 50
808 957 64
809 893 33
809 857 3
809 911 76
809 981 147
810 904 41
810 993 27
810 986 1
810 848 82
810 820 47
810 922 1
811 878 61
811 983 178
812 960 1
812 915 16
812 817 107
812 872 33
813 993 10
813 905 5
814 874 107
814 861 60
814 818 110
814 965 82
815 841 23
815 967 104
815 849 94
815 917 41
815 872 101
815 969 88
816 936 106
817 843 95
817 889 71
818 842 77
818 921 64
819 839 59
819 891 57
819 930 1
820 993 1
820 879 66
820 876 57
821 992 72
821 910 55
821 873 26
821 834 16
821 939 98
821 890 99
822 951 117
822 969 44
823 897 103
823 940 38
823 977 61
823 826 84
824 932 63
824 855 30
824 952 1
824 920 1
824 974 1
824 933 51
824 836 22
825 879 139
825 878 25
826 884 52
826 896 18
826 839 7
826 889 111
827 872 2
827 980 1
827 940 92
828 958 52
828 948 74
829 880 134
829 991 131
829 899 113
829 863 58
829 903 1
830 834 79
831 878 152
831 923 27
831 871 3
831 840 18
831 925 9
832 963 29
832 945 35
832 907 102
832 915 67
832 900 50
832 892 98
832 936 1
832 996 36
833 977 1
833 892 53
834 969 68
835 876 1
835 945 62
835 841 3
835 906 1
836 915 1
837 897 71
837 949 8
837 901 52
838 876 1
838 871 3
838 894 109
838 991 1
839 884 25
839 970 89
839 975 27
840 940 6
840 919 120
840 959 81
841 864 14
842 952 58
843 866 104
843 994 34
844 958 33
844 915 99
845 859 27
845 880 31
846 920 90
846 939 91
846 928 145
846 997 51
847 852 172
847 894 48
849 974 47
849 920 74
849 883 1
850 906 1
851 923 88
852 978 54
852 994 49
854 978 64
854 885 82
855 911 72
855 866 1
855 901 1
855 907 37
856 857 73
856 990 91
856 953 1
857 933 1
857 934 80
858 890 47
858 918 19
859 958 88
859 954 64
860 889 48
860 941 1
861 991 7
861 926 29
861 919 109
861 870 75
861 930 75
862 965 9
862 948 6
863 980 45
863 960 64
863 897 6
864 877 53
864 930 16
866 955 4
866 944 32
866 889 11
867 931 34
868 997 10
868 965 46
868 964 116
869 911 159
869 973 8
869 991 178
869 902 39
870 934 61
870 949 95
871 961 75
872 874 33
872 932 141
872 896 31
875 966 63
875 933 130
875 887 42
875 910 90
877 900 86
878 890 48
878 987 107
879 968 33
880 891 106
880 881 64
880 966 29
881 912 1
881 882 98
883 927 40
883 978 51
883 897 3
883 916 135
883 931 109
884 914 44
884 963 32
884 993 37
885 927 14
885 913 55
886 952 1
886 933 136
886 996 7
886 963 1
887 889 17
888 989 7
889 897 100
889 950 1
890 932 129
890 910 75
892 927 1
892 930 18
892 999 64
894 915 51
894 926 144
895 935 85
895 904 6
897 914 53
898 992 61
899 953 4
899 905 66
899 948 86
899 998 95
901 994 51
901 996 36
901 966 24
902 971 56
902 932 19
903 992 78
904 916 22
904 936 104
904 920 6
904 941 83
904 1000 22
905 959 34
905 909 47
906 952 67
906 989 97
906 948 39
906 968 32
906 924 28
907 998 93
907 969 46
907 943 1
909 953 1
909 927 1
910 977 29
911 946 1
911 914 27
912 963 86
912 952 85
913 940 1
913 967 99
914 936 27
915 969 70
915 962 1
916 999 12
917 977 63
917 953 58
919 999 23
919 985 84
921 966 42
922 982 116
926 938 1
926 957 32
926 997 1
928 968 1
929 958 21
929 979 130
930 974 120
930 998 88
930 972 127
931 933 92
931 980 33
931 935 1
933 953 116
934 969 1
937 1000 38
937 940 70
937 974 1
939 998 92
940 944 24
941 954 48
942 997 67
942 956 131
942 989 9
945 986 89
947 952 6
954 993 61
959 977 2
959 999 86
962 986 27
963 964 93
964 969 47
965 1000 111
965 979 11
967 997 14
968 999 105
970 971 49
973 976 19
979 1000 1
982 984 21
985 986 80
989 998 81
