1 2 1
1 3 16
1 6 51
1 10 91
1 78 107
1 37 75
1 88 74
1 67 16
1 52 91
1 32 113
1 33 8
1 53 148
1 87 82
1 21 26
1 4 60
2 4 65
2 60 166
2 82 63
2 62 117
2 99 1
2 40 50
2 47 25
2 70 69
2 54 105
2 44 89
2 37 145
3 8 109
3 9 83
3 19 107
3 69 9
3 87 123
3 29 137
3 48 1
3 43 112
3 72 116
3 11 1
3 71 47
3 92 69
3 67 85
3 36 83
3 42 60
3 56 57
4 5 116
4 24 61
4 45 57
4 66 20
4 52 2
4 95 1
4 68 71
4 7 1
4 15 18
4 18 46
4 92 69
5 16 1
5 39 1
5 98 50
5 66 55
5 20 1
5 7 36
5 30 13
5 99 1
5 94 60
5 10 67
5 19 62
5 51 65
5 48 1
5 72 5
5 73 99
6 7 19
6 13 169
6 26 158
6 96 20
6 8 44
6 97 21
6 80 22
6 58 74
6 51 6
6 94 30
6 17 44
7 81 84
7 98 9
7 78 110
7 55 108
8 11 60
8 15 10
8 42 53
8 19 52
8 30 27
8 82 55
8 56 43
8 97 48
8 70 1
8 37 19
8 99 7
8 90 47
8 95 40
8 41 103
9 12 63
9 23 1
9 100 1
9 36 1
9 62 98
9 73 81
9 92 95
9 56 54
9 39 53
9 46 34
9 33 1
9 99 113
10 70 9
10 79 43
10 92 64
10 41 78
10 57 20
10 82 73
11 32 2
11 36 45
11 48 62
11 35 1
11 28 22
11 54 67
11 33 145
11 16 78
11 51 76
12 14 68
12 27 12
12 52 49
12 92 65
12 20 64
12 24 1
12 77 81
12 94 1
12 62 56
12 87 57
12 97 34
13 49 3
13 99 1
13 86 55
13 96 88
13 64 38
13 32 103
13 81 43
13 90 110
13 50 89
13 87 45
14 20 64
14 21 32
14 97 1
14 37 28
14 35 28
14 93 56
14 82 42
14 68 1
14 22 140
14 65 39
14 26 31
15 17 34
15 22 1
15 32 2
15 35 28
15 37 122
15 82 51
15 41 78
15 72 1
15 70 1
15 30 116
15 52 29
15 40 20
15 93 119
15 96 73
15 79 1
16 65 92
16 26 1
16 71 1
16 38 57
16 79 82
16 20 117
16 19 63
16 59 114
16 82 54
16 50 42
16 67 56
17 18 18
17 75 37
17 26 66
17 43 1
17 68 53
17 67 1
17 46 100
17 74 53
17 34 91
17 78 44
18 30 115
18 87 83
18 24 1
18 31 1
18 90 63
18 85 91
18 81 40
18 94 36
18 95 109
18 43 26
18 48 82
18 52 26
18 40 81
18 88 43
19 25 1
19 28 56
19 77 1
19 56 1
19 24 17
19 41 40
19 57 1
19 34 1
20 97 53
20 89 35
20 91 52
20 27 1
20 50 101
20 64 67
20 39 1
20 23 153
20 21 32
20 29 5
20 74 62
21 88 46
21 96 74
21 64 4
21 95 112
21 53 16
21 61 1
21 77 84
21 98 52
21 92 117
21 81 14
21 55 42
21 25 21
22 29 72
22 34 135
22 81 1
22 49 58
22 91 107
22 70 139
22 74 1
22 76 102
22 85 135
22 57 48
22 41 173
22 38 77
22 93 57
22 48 186
22 39 15
23 62 38
23 89 30
23 68 35
23 33 50
23 65 138
23 53 30
23 66 109
24 44 54
24 92 51
24 61 41
24 60 57
24 36 1
24 55 22
24 83 14
24 57 102
25 57 16
25 92 107
25 99 88
25 89 90
25 96 84
25 61 43
25 84 1
25 53 47
25 82 119
26 40 1
26 59 61
26 57 70
26 86 44
26 100 59
26 98 6
26 69 143
27 54 110
27 88 126
27 67 28
27 56 21
27 74 78
28 84 20
28 34 115
28 79 1
28 43 103
28 70 69
28 35 69
28 85 1
28 60 51
28 30 7
29 67 1
29 91 101
29 73 108
29 58 106
29 61 21
29 99 34
29 57 73
29 97 32
29 81 111
29 55 32
29 74 76
29 45 45
29 35 42
30 31 33
30 40 160
30 38 1
30 89 96
30 83 83
30 82 61
30 59 95
31 34 1
31 72 50
31 80 58
31 96 108
31 89 1
32 33 190
32 60 78
32 36 12
32 82 11
32 88 69
32 46 105
32 75 1
33 64 46
33 34 7
33 37 15
33 77 132
33 100 56
33 44 1
33 42 4
34 38 72
34 58 33
34 95 71
34 99 1
34 82 161
34 87 109
34 35 85
34 60 123
34 44 30
34 89 100
34 67 1
34 77 75
35 36 80
35 46 104
35 58 79
35 72 69
35 73 1
35 54 84
36 41 1
36 50 1
36 68 1
36 54 95
36 53 1
36 52 1
36 91 214
36 71 62
36 84 120
36 67 70
36 59 120
36 39 180
36 95 57
37 76 86
37 94 1
37 48 84
37 52 50
37 100 187
38 61 1
38 77 100
38 55 12
38 95 10
38 47 43
38 53 83
39 90 104
39 59 48
39 80 6
39 98 40
39 64 112
39 51 21
39 79 101
40 43 35
40 86 55
40 44 10
40 95 141
40 62 79
40 53 66
40 79 88
40 68 12
41 47 31
41 51 52
41 59 104
41 72 1
41 84 20
41 62 10
41 90 1
41 63 89
41 42 115
42 48 34
42 53 56
42 86 1
42 89 89
42 43 28
42 69 56
42 93 21
42 96 84
42 71 144
42 47 137
42 99 23
42 82 123
43 55 44
43 71 85
43 44 43
43 99 61
44 92 81
44 100 61
44 89 119
44 94 4
44 47 28
44 95 51
44 81 26
45 51 46
45 82 26
45 69 34
45 96 71
45 48 1
46 99 127
46 88 62
46 64 46
46 89 1
46 79 100
46 86 103
46 98 107
47 78 51
47 96 22
47 74 16
47 81 1
47 77 87
47 83 54
48 56 83
48 61 1
48 70 60
48 52 34
48 79 33
48 50 32
49 68 76
49 65 79
49 82 50
50 56 12
50 85 22
50 65 11
50 89 77
50 86 1
50 72 69
50 83 1
50 68 14
50 94 71
50 53 36
51 59 1
51 75 162
51 53 35
51 89 4
51 67 55
51 63 1
51 80 122
51 93 75
52 83 87
52 87 70
52 74 22
52 67 82
52 58 1
53 90 105
53 91 34
53 80 58
53 84 62
53 64 34
53 77 101
53 60 1
54 77 1
54 95 59
55 90 105
56 57 64
56 83 85
56 59 9
56 69 1
56 62 82
56 86 76
56 72 63
57 74 87
57 72 67
57 91 1
57 87 73
58 63 98
58 100 85
58 92 53
58 88 1
59 76 1
59 91 25
59 71 116
60 94 30
60 72 40
60 91 40
60 76 53
61 73 47
61 90 138
61 77 32
62 98 54
62 94 19
62 78 121
62 83 1
62 80 53
62 69 61
63 72 82
63 91 80
64 83 21
64 84 49
64 89 96
64 80 68
65 76 126
65 70 61
65 94 44
65 87 36
65 95 77
65 72 1
65 93 8
65 88 46
66 72 98
66 74 1
67 95 44
67 68 64
67 84 53
67 72 180
68 86 156
68 71 120
68 82 1
68 94 41
68 91 127
69 88 57
69 82 155
70 87 36
70 85 6
71 81 54
71 89 74
71 85 37
72 84 61
72 83 2
73 87 147
73 92 46
74 85 1
74 78 157
74 88 1
74 92 64
75 78 1
76 78 1
76 81 15
76 82 24
76 86 30
76 91 24
78 94 53
78 80 12
78 97 1
78 83 1
78 79 18
79 80 61
79 96 49
79 86 54
80 94 48
80 92 49
81 96 3
82 93 75
82 95 100
82 99 62
83 93 115
83 89 34
83 86 46
84 88 68
84 96 82
84 89 74
84 100 60
84 94 59
84 90 31
85 86 94
85 88 136
85 96 2
86 97 5
86 93 1
86 100 9
86 88 73
87 99 108
88 91 90
89 90 61
89 97 1
89 95 1
91 92 169
91 95 1
94 98 1
