1 2 92
1 4 138
1 51 66
1 73 89
1 75 45
1 37 85
1 53 1
1 64 55
1 47 37
1 13 38
1 78 45
1 99 1
1 93 71
1 96 1
1 15 47
1 100 78
1 31 33
1 85 96
1 86 33
1 33 1
2 3 41
2 6 126
2 21 122
2 41 31
2 79 42
2 100 23
2 99 58
2 64 65
2 57 117
2 86 125
2 23 12
2 73 146
2 96 69
2 28 37
2 9 48
2 51 59
2 95 95
2 65 5
2 56 40
2 42 68
3 7 62
3 11 27
3 24 63
3 6 99
3 100 44
3 57 1
3 62 18
3 75 53
3 40 90
3 15 65
3 70 97
3 52 1
3 10 21
3 96 92
3 63 122
3 82 25
3 36 124
3 64 49
3 97 14
4 5 1
4 8 148
4 9 65
4 12 31
4 15 10
4 29 31
4 35 125
4 85 57
4 86 36
4 67 13
4 64 34
4 94 75
4 53 65
4 21 140
4 6 89
4 61 112
4 65 1
4 14 74
4 18 35
4 16 1
4 28 94
4 58 6
4 78 64
4 72 66
4 89 117
4 40 89
5 14 11
5 20 49
5 30 52
5 33 60
5 70 126
5 66 82
5 74 9
5 64 79
5 82 61
5 37 1
5 11 6
5 31 40
5 58 44
5 28 69
5 45 1
5 80 35
5 75 63
5 93 80
5 6 62
5 99 21
6 17 24
6 23 81
6 19 1
6 93 105
6 14 36
6 92 77
6 22 17
6 49 18
6 34 87
6 99 151
6 30 1
6 40 22
6 18 32
6 66 54
6 75 27
6 78 19
6 62 22
7 43 37
7 49 51
7 74 89
7 80 25
7 100 38
7 67 6
7 86 83
7 39 1
7 54 38
7 50 1
7 87 85
7 62 125
7 46 73
7 57 26
7 11 100
7 13 50
7 73 1
7 12 149
7 89 8
7 75 5
7 99 1
7 60 89
8 10 42
8 18 1
8 87 55
8 20 103
8 40 126
8 31 65
8 56 39
8 89 174
8 46 1
8 33 62
8 95 3
8 86 29
8 70 112
9 48 55
9 27 64
9 98 94
9 71 8
9 12 52
9 28 1
9 65 23
9 59 41
9 20 29
9 55 111
9 80 70
9 63 7
9 56 3
9 19 28
9 74 55
9 85 1
9 79 1
9 45 72
9 97 19
10 13 156
10 19 80
10 78 84
10 50 104
10 30 52
10 40 61
10 73 84
10 71 1
10 24 29
10 93 60
10 88 1
10 77 99
10 15 106
10 80 60
10 28 52
10 94 44
10 79 51
10 76 48
10 16 104
10 45 19
10 56 121
10 37 97
10 85 111
10 59 1
11 34 15
11 98 1
11 81 69
11 50 89
11 89 45
11 90 68
11 67 9
11 68 64
11 77 17
11 27 71
11 58 10
11 62 122
11 76 97
11 59 118
11 65 12
11 78 86
11 46 63
11 20 71
11 83 1
11 69 99
11 40 87
12 40 72
12 54 51
12 58 132
12 57 82
12 83 70
12 65 25
12 67 69
12 72 19
12 52 203
12 66 1
12 25 43
12 60 64
12 55 68
12 95 38
12 39 72
12 43 1
12 19 69
12 16 1
12 89 25
12 28 63
12 14 37
12 98 8
12 24 19
13 45 87
13 29 32
13 35 20
13 89 1
13 62 3
13 55 95
13 30 21
13 57 1
13 79 1
13 77 134
13 23 29
13 41 26
13 65 45
14 16 113
14 25 41
14 53 58
14 65 1
14 84 89
14 56 1
14 48 70
14 37 1
14 77 1
14 90 7
14 40 23
14 80 42
14 21 71
14 97 26
14 59 59
15 70 34
15 99 95
15 66 68
15 36 13
15 57 79
15 23 82
15 87 86
15 44 203
15 27 62
15 26 1
15 95 106
16 55 1
16 25 146
16 47 56
16 79 57
16 61 36
16 17 16
16 77 27
16 39 139
16 82 122
16 70 6
16 62 89
16 99 19
16 87 98
17 28 85
17 39 1
17 53 87
17 67 34
17 46 46
17 56 17
17 74 37
17 26 35
17 77 74
17 47 49
17 68 31
17 33 1
17 71 117
17 40 88
18 84 109
18 39 37
18 76 57
18 87 91
18 52 1
18 55 16
18 100 98
18 51 1
18 79 57
18 42 124
18 19 84
18 98 75
18 74 53
19 42 34
19 64 75
19 71 54
19 97 6
19 90 1
19 49 35
19 83 50
19 74 55
19 63 32
19 82 76
19 81 23
19 30 1
19 57 1
19 100 3
19 94 36
19 87 157
20 26 21
20 37 74
20 32 38
20 39 1
20 91 107
20 23 26
20 22 86
20 25 1
20 64 34
20 63 1
20 90 72
20 72 64
21 22 1
21 53 20
21 63 49
21 49 130
21 38 70
21 57 44
21 97 73
21 70 41
21 67 73
21 66 26
21 99 49
21 79 98
21 72 68
21 33 1
21 42 42
22 91 128
22 63 98
22 40 90
22 98 49
22 68 1
22 28 10
22 95 1
22 24 117
22 84 7
22 73 124
22 59 27
22 33 1
22 92 19
23 38 45
23 47 8
23 62 14
23 29 40
23 80 24
23 41 100
23 81 61
23 86 85
23 53 16
23 54 33
23 35 94
23 59 67
23 26 108
23 68 1
23 84 49
23 75 98
24 27 54
24 82 43
24 70 22
24 73 35
24 69 114
24 48 5
24 35 47
24 72 62
24 37 31
24 83 44
25 44 71
25 42 1
25 33 106
25 62 26
25 54 133
25 49 72
25 31 47
25 50 1
25 77 1
25 86 35
25 53 1
25 40 91
25 94 40
25 89 1
25 58 74
25 92 1
26 32 143
26 54 47
26 58 84
26 51 74
26 31 112
26 99 1
26 43 74
26 29 83
26 81 1
26 40 8
26 66 79
26 69 135
26 44 145
27 36 8
27 79 54
27 83 37
27 75 14
27 70 70
27 52 58
27 42 128
27 47 1
27 76 19
27 32 34
27 72 82
27 50 24
27 28 1
27 31 12
27 37 78
27 67 96
27 91 82
28 59 59
28 87 12
28 49 1
28 52 70
28 80 88
28 31 35
28 60 104
28 72 105
28 46 139
29 31 139
29 67 15
29 90 104
29 59 1
29 49 1
29 73 29
29 43 66
29 41 27
29 36 41
29 92 8
29 42 45
30 73 1
30 55 111
30 51 1
30 70 137
30 92 59
30 86 52
30 45 1
30 97 64
30 41 45
30 47 64
30 50 78
30 72 26
30 81 39
30 83 93
30 61 112
30 88 50
30 79 21
30 31 103
31 58 44
31 39 106
31 62 9
31 37 95
31 33 68
31 41 55
31 95 30
31 72 104
32 50 1
32 68 20
32 58 93
32 95 83
32 33 126
32 57 1
32 91 29
32 47 21
32 54 1
32 52 19
32 61 32
32 45 115
33 95 60
33 96 53
33 34 1
33 44 71
33 60 93
33 94 56
33 41 2
33 84 59
33 56 51
33 53 29
33 100 70
33 40 28
33 58 67
34 86 15
34 88 24
34 96 56
34 91 41
34 67 84
34 64 77
34 47 70
34 48 97
34 72 1
34 62 135
34 42 1
34 97 27
34 52 82
35 85 58
35 64 17
35 80 100
35 37 99
35 65 33
35 86 55
35 72 103
35 77 22
35 81 56
35 36 24
35 67 55
35 70 57
36 96 17
36 80 71
36 65 54
36 77 89
36 69 1
36 60 1
36 57 1
36 78 80
36 100 13
36 62 150
36 41 1
36 79 120
36 86 60
36 58 73
37 52 64
37 95 60
37 80 16
37 57 45
37 88 57
37 85 93
37 67 25
37 93 100
37 83 88
37 68 2
37 62 161
37 49 54
38 56 25
38 39 73
38 55 31
38 70 57
38 74 1
38 64 1
38 68 5
38 95 113
38 78 55
38 42 115
38 96 41
38 62 1
38 66 63
38 92 11
39 97 50
39 74 66
39 89 71
39 66 1
39 79 78
39 100 1
39 50 18
39 57 29
39 49 77
39 92 16
39 72 67
39 98 10
39 51 1
40 94 26
40 93 1
40 91 18
40 89 35
40 100 52
40 63 1
40 52 69
40 44 109
40 57 8
40 71 18
40 68 106
41 60 1
41 61 1
41 72 7
41 47 114
41 64 1
41 74 1
41 85 1
41 68 62
41 83 40
41 86 1
42 51 11
42 47 44
42 58 121
42 76 160
42 54 86
42 78 61
43 46 109
43 81 61
43 99 148
43 56 26
43 44 76
43 59 1
43 78 2
43 88 1
43 61 1
44 99 1
44 64 119
44 52 77
44 84 178
44 51 85
44 92 123
44 65 54
44 46 59
44 88 1
44 98 20
45 87 32
45 71 42
45 72 57
45 65 80
45 50 69
45 53 29
46 71 160
46 51 85
46 81 14
46 63 27
46 80 150
46 69 1
46 50 3
46 67 1
47 70 81
47 100 103
47 62 134
47 50 56
47 51 118
47 65 67
47 54 16
48 84 58
48 96 83
48 78 79
48 68 42
48 67 123
48 76 94
48 52 1
48 50 124
48 63 1
48 100 66
49 54 52
49 100 1
49 77 92
49 67 46
49 52 1
49 72 48
49 64 130
49 71 1
49 98 77
49 75 34
49 79 99
50 95 45
50 53 17
50 77 28
50 91 51
50 75 33
50 63 9
50 80 26
50 81 1
50 88 93
50 99 23
50 73 89
51 56 29
51 57 8
51 92 53
51 87 1
51 90 79
51 79 95
51 63 113
51 73 54
51 99 71
52 75 61
52 60 97
52 82 75
52 99 1
52 80 1
52 72 97
53 54 90
53 66 140
53 90 1
53 57 25
53 98 62
53 77 76
53 96 66
53 75 3
53 83 101
53 68 4
53 56 1
54 96 52
54 95 10
54 63 88
54 91 9
54 79 1
54 82 93
55 99 1
55 76 62
56 58 44
56 93 69
56 92 125
56 94 84
56 61 48
56 67 141
56 87 112
56 78 3
57 82 124
57 73 57
57 94 119
58 65 68
58 66 59
58 70 151
58 75 1
58 72 69
58 89 89
58 85 36
58 63 38
59 69 60
59 75 28
59 74 41
59 99 53
59 78 66
59 77 1
59 60 1
60 78 39
60 75 40
60 62 51
60 70 62
60 66 42
60 82 85
60 72 38
61 65 1
61 75 1
61 72 58
61 70 98
61 74 59
61 84 52
62 67 31
62 80 38
62 71 58
62 91 45
62 69 57
62 75 43
63 72 52
63 67 121
63 89 128
63 98 77
64 72 49
64 70 83
64 73 118
64 74 20
64 85 120
65 69 21
65 89 98
65 70 75
65 84 27
65 71 70
65 92 18
65 80 107
65 68 1
65 79 69
66 90 12
66 69 33
66 77 100
66 80 141
66 71 111
66 75 1
66 99 102
66 89 79
67 77 42
67 80 34
67 75 28
68 83 27
68 89 68
68 96 62
68 71 1
68 87 47
68 84 31
68 88 141
69 93 1
69 82 53
69 83 1
69 74 1
70 76 67
70 93 131
70 88 126
70 95 21
70 71 2
70 91 52
70 94 39
71 80 29
71 85 61
71 77 51
71 74 71
71 98 1
71 93 120
72 77 132
72 75 2
72 79 1
72 74 60
72 80 152
72 90 83
73 83 74
73 74 79
73 93 1
73 86 134
73 89 49
73 76 50
73 98 41
73 97 111
73 77 45
73 100 57
73 91 19
74 90 107
74 86 71
74 81 111
74 79 46
74 96 109
74 83 39
74 87 13
75 87 48
75 91 63
76 79 116
76 85 14
77 81 69
77 98 105
77 89 56
78 98 95
78 81 22
78 86 1
78 87 136
79 95 1
79 89 19
79 93 73
79 97 1
79 99 78
80 90 123
80 87 1
80 100 67
80 88 42
80 83 54
81 86 1
83 95 15
83 90 125
83 98 108
84 97 50
84 100 34
84 93 98
87 96 1
87 89 42
88 97 3
88 100 22
88 92 86
89 95 117
89 91 49
90 93 91
90 97 86
90 98 49
93 98 76
93 95 39
93 99 98
94 97 157
94 99 69
95 98 5
99 100 72
