1 2 49
1 10 1
1 29 19
1 30 1
1 49 83
1 83 58
1 91 69
1 869 31
1 947 56
1 917 66
1 53 47
2 3 83
2 6 9
2 8 65
2 18 72
2 43 67
2 65 63
2 92 48
2 709 41
3 4 38
3 12 57
3 26 66
3 28 80
3 53 11
3 55 23
3 246 92
3 594 57
3 796 51
3 513 2
3 425 38
3 997 69
3 230 60
3 883 52
4 5 67
4 17 35
4 47 104
4 916 62
4 132 11
4 791 81
4 743 1
5 7 59
5 11 50
5 13 54
5 27 79
5 39 11
5 87 45
5 265 68
5 529 54
5 141 67
6 38 28
6 70 77
6 354 37
6 795 98
6 732 61
6 146 130
6 788 87
6 400 16
7 9 53
7 14 32
7 62 32
7 79 30
7 195 59
7 209 56
7 369 68
7 339 43
8 16 47
8 20 44
8 25 23
8 37 31
8 48 54
8 231 66
8 646 47
8 943 74
8 807 67
8 334 68
8 764 70
8 162 80
9 32 48
9 36 35
9 105 28
9 170 42
9 234 86
9 561 65
9 49 58
10 23 48
10 33 12
10 35 13
10 52 2
10 141 54
10 155 37
10 121 13
10 226 74
11 15 34
11 19 12
11 388 39
11 443 12
11 747 69
11 524 44
11 775 36
11 918 65
12 24 27
12 75 34
12 225 87
12 862 75
12 373 49
12 215 29
12 935 70
12 598 57
12 343 42
12 320 47
12 458 15
13 124 72
13 136 17
13 175 33
13 195 64
13 903 55
14 21 53
14 204 66
14 229 105
14 560 86
14 866 98
14 727 71
14 160 100
14 572 37
14 276 81
14 637 40
14 994 52
15 22 35
15 196 49
15 201 67
15 237 101
15 397 83
15 789 38
15 779 72
15 308 17
15 310 86
15 240 47
15 801 58
15 226 81
16 31 74
16 113 73
16 183 29
16 720 50
16 53 100
16 731 57
16 747 60
17 80 52
17 156 56
17 177 57
17 604 69
17 306 9
17 998 83
17 385 36
17 984 10
17 600 64
17 442 44
18 44 92
18 110 50
18 327 17
18 112 53
18 520 99
18 891 55
18 378 39
18 626 27
19 60 51
19 188 60
19 285 86
19 929 59
19 743 45
19 98 53
19 350 4
19 800 77
19 163 75
20 210 58
20 229 20
20 312 79
21 53 19
21 559 20
21 882 4
21 807 43
22 360 109
22 502 22
22 414 77
22 599 37
22 782 18
22 103 32
22 950 58
23 74 57
23 77 64
23 112 8
23 127 92
23 688 4
23 448 63
23 889 57
23 258 62
23 587 51
24 95 25
24 205 1
24 379 6
24 694 1
24 941 52
24 292 7
24 31 35
24 332 53
25 42 30
25 181 33
25 865 52
25 775 33
25 274 62
25 952 56
25 120 18
26 166 62
26 818 15
26 609 63
26 901 46
27 34 24
27 168 72
27 256 79
27 610 58
27 740 29
27 647 69
27 316 61
27 724 55
27 585 70
27 967 65
27 266 75
27 774 77
28 56 56
28 111 26
28 163 54
28 236 53
28 347 31
28 564 65
28 960 49
28 736 54
28 380 66
28 490 46
28 366 46
29 54 38
29 248 38
29 269 121
29 317 79
29 395 48
29 629 34
29 853 25
29 321 62
29 671 11
29 297 3
30 104 106
30 423 24
30 664 61
30 599 18
30 830 19
31 153 52
31 182 45
31 131 49
31 767 76
31 37 92
31 858 28
31 644 65
32 58 20
32 101 28
32 130 98
32 159 52
32 337 48
32 454 68
32 832 21
32 357 1
33 82 39
33 88 46
33 214 17
33 281 16
33 991 54
33 443 27
33 873 55
33 171 36
33 872 54
34 61 48
34 86 59
34 386 60
34 978 30
35 40 86
35 173 96
35 556 65
36 51 68
36 63 48
36 283 24
36 328 59
36 431 51
36 595 1
36 710 65
36 797 69
36 917 39
36 782 48
36 123 52
36 84 59
36 623 83
36 301 49
36 81 58
36 544 56
37 41 56
37 45 35
37 622 75
37 303 33
37 166 24
37 310 66
37 755 28
37 590 55
38 50 1
38 69 35
38 106 31
38 122 56
38 208 88
38 195 54
38 934 26
38 483 7
38 94 79
39 593 19
39 657 51
39 833 107
40 68 94
40 71 57
40 131 36
40 157 60
40 235 95
40 565 11
40 342 21
40 927 22
41 84 59
41 198 31
41 338 48
41 742 66
41 71 32
41 579 65
41 209 28
41 573 43
42 90 47
42 197 57
42 725 1
43 270 45
43 905 44
43 167 62
43 949 52
44 46 31
44 383 64
44 770 19
44 216 23
44 729 35
44 730 78
45 94 24
45 167 30
45 299 26
45 701 73
45 708 72
45 868 37
45 578 1
45 182 97
45 831 39
46 314 69
46 287 30
46 904 6
46 758 29
46 238 37
46 309 70
46 607 77
47 251 25
47 449 61
48 103 81
48 755 42
48 436 32
48 505 55
48 91 86
48 864 22
48 425 38
48 667 73
48 688 71
49 67 26
49 129 37
49 530 39
49 887 32
49 571 34
49 773 94
49 92 78
49 186 59
49 715 64
50 57 8
50 148 27
50 152 75
50 552 69
50 639 75
50 818 79
50 717 63
51 66 28
51 162 21
51 358 76
51 580 80
51 851 87
51 552 33
52 119 61
52 812 75
52 646 52
52 198 40
53 59 53
53 64 49
53 81 41
53 108 37
53 151 70
53 399 56
53 306 34
53 270 39
53 568 86
54 212 32
54 582 82
54 116 43
54 947 102
55 650 29
55 566 36
55 568 18
56 180 44
56 744 63
56 888 53
56 846 38
56 617 44
56 766 83
56 949 34
56 397 69
56 365 53
57 192 52
57 538 22
57 461 44
58 73 75
58 96 60
58 568 56
58 962 3
58 395 78
58 923 64
58 886 69
58 591 32
59 219 62
59 533 76
59 616 42
59 595 63
59 217 44
59 363 42
59 583 57
60 445 54
60 804 25
60 739 42
60 655 66
60 349 23
60 742 81
61 93 52
61 123 50
61 133 55
61 194 70
61 264 26
61 296 33
61 480 45
61 549 37
61 304 37
62 72 59
62 821 31
62 591 74
63 506 41
63 620 45
63 882 41
63 904 98
63 380 59
63 508 54
63 730 41
64 99 62
64 602 62
64 887 40
64 938 39
64 928 47
64 638 47
64 568 79
64 336 27
65 120 34
65 378 32
65 331 64
65 695 41
66 97 57
66 233 68
66 333 70
66 526 37
66 483 63
66 232 50
66 569 40
66 721 34
66 492 43
67 100 43
67 138 76
67 323 28
67 295 22
67 503 1
67 116 44
67 839 74
67 120 77
68 182 31
68 320 10
68 343 34
68 450 46
68 486 34
69 400 74
69 625 1
69 985 38
69 303 61
69 976 35
69 641 44
69 778 51
70 78 35
70 85 68
70 125 109
70 202 71
71 226 74
71 245 1
71 312 58
71 684 38
71 182 30
72 149 100
72 788 63
72 895 35
72 341 47
72 256 58
72 322 46
73 266 25
73 344 15
73 829 29
73 844 41
73 928 48
73 787 57
73 959 23
73 113 47
74 89 65
74 711 55
74 810 73
74 987 50
75 76 68
75 659 77
75 453 73
76 230 46
76 999 40
76 178 68
76 439 21
76 945 7
76 980 83
76 251 21
76 457 29
77 102 83
77 232 48
77 449 78
77 926 17
78 132 26
78 139 16
78 265 75
78 366 11
78 734 7
78 867 66
78 421 50
79 121 58
79 215 38
79 473 21
79 608 65
79 684 78
79 268 30
79 349 57
79 591 49
79 796 39
79 373 14
79 989 45
80 427 59
80 465 67
80 501 43
80 397 44
81 109 58
81 115 64
81 249 43
81 318 66
81 449 14
81 890 64
81 528 63
81 758 114
82 792 18
82 764 50
82 535 57
82 851 108
82 905 38
82 984 22
82 831 105
83 612 41
83 900 52
83 131 112
83 797 37
83 676 24
83 907 1
83 319 77
84 199 68
84 491 63
84 400 47
85 114 78
85 117 24
85 409 64
85 444 35
85 868 65
85 675 124
85 343 32
85 193 53
86 98 67
86 107 56
86 464 25
86 825 40
87 134 63
87 243 42
87 393 31
87 516 21
87 346 30
87 832 12
87 515 32
87 801 73
88 169 47
88 352 59
88 353 55
88 359 45
88 770 65
88 469 49
88 657 62
88 313 48
89 178 44
89 886 55
89 553 75
90 489 28
90 149 119
90 743 96
90 342 1
90 206 82
91 116 65
91 211 89
91 284 76
91 879 40
92 186 33
92 589 104
92 924 58
92 813 25
92 841 3
92 1000 12
92 679 66
92 340 54
92 253 61
92 476 53
93 247 58
93 290 30
93 413 7
93 945 18
93 568 61
93 297 43
94 128 33
94 174 49
94 448 90
94 463 58
94 700 89
94 403 57
94 153 35
94 941 79
95 262 91
95 782 83
95 966 64
95 826 40
96 241 52
96 458 39
96 599 40
96 786 80
96 829 59
96 273 24
96 437 52
96 491 70
97 494 18
97 376 62
97 506 34
97 115 57
97 434 70
98 421 90
98 424 52
98 829 1
98 139 45
98 404 26
99 140 38
99 978 32
99 435 33
100 427 66
100 424 48
100 896 52
101 118 91
101 150 48
101 636 44
101 877 67
101 464 42
101 170 57
102 145 63
102 441 35
102 370 51
102 966 1
102 624 93
103 752 67
103 312 79
103 205 42
103 651 62
103 805 82
103 714 35
103 455 56
104 267 99
104 330 80
104 659 12
104 822 1
104 609 43
104 263 70
104 759 51
104 462 64
105 309 73
105 838 60
105 775 76
105 633 44
106 172 24
106 729 26
106 454 42
106 545 43
106 193 48
106 439 50
106 524 49
107 258 52
107 406 6
107 704 30
107 876 33
108 147 18
108 811 47
108 213 8
109 143 71
109 252 70
109 260 55
109 214 46
109 817 76
109 787 62
109 690 43
109 123 34
110 137 18
110 232 57
110 321 52
110 373 98
110 590 38
110 786 26
110 703 43
110 709 29
110 167 34
110 683 70
111 365 74
111 564 71
111 773 27
112 142 42
112 222 89
112 272 58
112 524 87
112 967 62
112 721 72
113 428 80
113 429 23
113 573 13
113 332 84
113 654 25
114 413 23
114 356 72
114 785 59
115 534 83
115 859 96
115 122 43
115 547 1
115 454 1
115 495 38
115 573 76
115 388 89
116 126 25
116 184 63
116 185 50
116 301 74
116 864 41
116 735 36
116 321 44
116 652 33
117 146 22
117 331 77
117 410 76
117 411 49
117 662 54
117 612 32
118 158 84
118 664 99
118 366 17
118 343 34
118 684 82
119 555 66
119 825 90
119 222 56
120 553 47
120 609 74
120 947 44
120 389 51
120 257 57
120 516 49
120 923 39
121 304 78
121 740 70
121 940 67
122 326 37
122 475 66
122 645 70
122 127 25
122 254 49
122 314 37
123 160 7
123 189 52
123 336 68
123 915 70
123 687 53
123 630 51
124 135 47
124 305 41
124 414 49
124 162 61
124 798 65
125 562 68
125 427 42
126 250 66
126 362 72
126 785 72
126 337 9
126 748 59
126 581 36
126 279 39
127 200 12
127 621 42
127 990 42
127 383 92
127 663 25
128 611 66
128 752 52
128 880 57
128 808 17
128 938 75
129 816 63
129 376 63
129 438 68
129 136 25
129 238 22
129 685 42
129 724 24
129 248 40
129 484 17
130 286 60
130 713 38
130 789 54
130 471 53
130 485 13
130 296 63
131 415 2
131 923 3
131 987 79
131 828 59
132 216 49
132 282 56
132 322 35
132 459 30
132 670 22
132 229 41
132 286 105
132 381 108
133 223 18
133 685 38
133 259 56
133 153 85
133 434 57
133 676 65
134 144 82
134 446 84
134 895 73
134 382 80
135 276 50
135 806 40
135 380 38
136 518 1
136 986 84
136 855 50
136 735 60
136 278 43
136 749 78
136 517 51
137 300 70
137 983 45
137 392 94
137 200 21
137 353 15
138 504 58
138 699 41
138 733 55
138 605 57
138 708 46
138 434 36
138 833 72
139 990 46
139 479 59
139 697 64
139 218 19
139 894 70
140 176 1
140 207 57
140 294 88
140 457 24
140 547 60
140 648 40
140 930 34
140 776 76
140 304 66
140 595 39
140 878 66
141 179 31
141 956 75
141 532 81
141 214 94
141 275 66
141 464 44
142 203 24
142 254 78
142 672 80
142 431 39
142 822 38
143 220 17
143 396 65
143 394 13
143 568 64
143 873 96
143 972 38
144 357 60
144 243 35
144 579 70
145 154 33
145 211 63
145 891 1
145 565 66
146 384 59
146 749 19
146 847 122
146 954 65
146 516 30
147 303 40
147 543 98
147 789 68
147 634 44
147 740 51
148 291 35
148 780 29
148 542 30
149 640 67
149 794 91
149 209 54
149 422 52
149 708 40
149 382 67
149 734 43
150 206 47
150 280 49
150 461 69
150 722 91
150 385 65
150 533 40
150 162 56
151 655 82
151 436 69
151 377 36
151 256 30
151 439 49
152 292 32
152 945 86
152 319 50
152 523 67
153 187 31
153 492 59
153 450 36
153 913 29
153 527 20
154 324 46
154 892 12
154 249 63
155 372 61
155 212 35
155 277 22
155 887 38
155 609 50
156 244 2
156 356 1
156 906 27
156 493 31
156 957 85
156 381 45
157 164 62
157 585 48
157 540 49
157 469 70
157 200 76
157 317 61
157 500 96
157 559 47
158 777 30
158 321 52
158 525 66
158 635 81
159 161 16
159 228 32
159 302 31
159 921 83
159 613 49
160 171 43
160 268 68
160 656 55
160 626 52
160 631 52
160 412 27
160 973 25
161 238 35
161 404 78
161 603 25
161 478 40
162 165 13
162 239 57
162 392 47
162 912 67
162 527 63
162 394 18
162 935 83
162 662 57
162 942 77
162 808 26
163 240 56
163 242 52
163 281 42
164 673 1
164 965 56
164 636 46
164 278 1
164 784 44
165 190 63
165 218 41
165 345 17
165 407 27
165 868 46
165 543 71
166 253 51
166 728 75
166 495 4
166 478 61
166 565 59
167 387 37
167 861 113
167 646 24
167 642 83
168 217 89
168 408 76
168 779 46
168 506 31
168 305 81
168 295 1
169 363 66
169 682 35
169 189 36
169 581 8
170 316 42
170 442 19
170 637 52
170 177 46
171 210 65
171 645 34
171 635 53
171 981 24
171 677 88
172 293 93
172 541 32
172 618 55
172 535 62
172 238 53
172 985 82
172 938 21
173 224 16
173 307 28
173 437 16
174 471 72
174 577 34
174 232 26
174 389 43
174 247 53
174 253 88
174 863 41
175 730 8
175 853 19
175 514 36
175 233 84
176 434 76
176 720 45
176 503 62
176 231 8
177 284 3
177 315 30
177 456 25
177 390 69
177 777 61
178 493 64
178 453 43
178 578 56
179 581 18
180 438 60
180 621 80
180 337 66
180 842 34
180 633 70
180 721 50
180 730 38
181 988 36
181 529 58
181 640 3
181 595 40
181 850 55
182 289 1
182 847 105
182 694 28
183 667 25
183 450 15
183 274 12
183 948 70
184 227 25
184 277 1
184 196 49
184 199 55
184 961 80
184 206 55
184 398 46
184 830 45
184 244 53
185 284 53
185 823 100
185 564 17
186 249 67
186 940 59
186 430 12
187 755 1
187 739 59
187 221 77
187 704 81
188 193 38
188 235 42
189 191 41
189 355 53
189 385 26
189 405 50
189 901 50
189 863 46
189 384 61
189 964 34
189 995 36
190 221 67
190 375 42
190 757 63
190 525 39
190 672 65
190 438 54
190 382 100
190 951 56
190 666 11
190 869 44
191 603 84
191 957 51
191 827 5
191 721 31
192 259 61
192 287 33
192 843 61
192 368 61
192 552 34
192 656 55
193 436 70
193 604 69
193 972 67
193 209 73
194 335 70
194 426 84
194 558 63
194 202 37
194 344 77
194 583 40
194 561 19
195 585 1
196 213 58
196 295 35
196 310 108
196 240 63
196 696 52
196 798 1
196 734 34
196 259 74
197 801 84
197 949 18
197 827 37
197 904 34
197 420 19
197 867 4
197 289 45
197 864 61
199 606 85
199 741 76
199 774 38
199 562 26
199 208 13
199 210 38
199 537 51
199 744 42
200 325 80
200 531 87
200 954 77
200 950 36
200 386 98
200 433 64
200 851 81
200 881 46
201 383 38
201 403 94
201 823 84
201 856 45
201 735 63
201 660 84
202 912 4
202 898 15
202 320 33
202 694 3
203 774 98
203 659 31
203 279 48
203 474 67
203 835 68
204 263 58
204 334 84
204 574 54
204 751 69
204 591 49
204 440 32
204 571 64
204 502 77
204 520 56
204 905 59
204 893 38
205 871 57
205 499 67
205 891 83
205 368 18
206 341 105
206 925 67
206 940 97
206 337 53
207 416 41
207 552 62
207 713 51
207 740 71
207 417 41
208 278 24
208 311 74
208 712 20
208 332 86
208 610 59
209 909 23
209 383 83
209 750 57
210 594 65
210 676 35
210 933 76
210 508 35
210 320 67
210 795 42
210 299 55
211 337 12
211 374 55
211 650 51
211 676 48
211 918 80
211 250 29
211 984 61
212 466 30
212 509 30
212 872 34
212 410 53
212 268 53
212 461 34
212 645 1
212 501 78
213 394 71
213 982 67
213 903 22
213 727 42
213 417 56
213 720 94
213 375 68
214 809 30
214 875 61
214 442 55
214 497 30
214 889 62
215 313 37
215 329 70
215 745 13
215 935 52
215 990 53
215 575 77
215 940 56
216 532 56
216 663 63
216 702 17
216 838 12
217 538 81
217 769 36
217 890 1
218 419 74
219 439 32
220 725 72
220 403 70
220 309 25
221 307 44
221 414 24
221 497 52
221 948 37
221 955 58
222 340 67
222 529 68
222 284 60
222 495 97
222 639 60
222 455 85
222 298 21
223 342 49
223 323 11
223 618 100
223 737 9
224 623 47
224 631 82
224 331 103
224 675 19
224 302 53
225 308 59
225 965 1
225 741 6
226 261 38
226 830 29
226 942 69
226 301 33
226 560 59
226 460 60
226 677 25
226 297 57
226 701 6
226 706 55
226 821 102
227 628 82
227 403 86
227 856 48
227 283 9
227 240 38
227 988 77
227 533 21
227 841 12
228 670 50
228 838 40
228 592 74
229 447 26
229 758 37
229 879 64
229 507 64
229 971 61
230 319 26
230 348 53
230 917 50
231 412 106
231 700 86
231 249 35
231 665 44
232 425 65
232 462 55
232 936 74
233 455 32
233 968 50
233 403 34
233 578 30
234 414 70
234 761 62
234 837 58
234 806 38
234 371 37
235 692 99
235 795 34
236 495 43
236 262 57
237 306 44
237 662 36
237 249 1
237 635 101
238 488 96
238 375 51
239 333 22
239 873 43
239 624 68
239 958 105
239 882 61
239 361 78
239 601 41
240 279 41
240 428 29
240 498 63
240 669 93
240 389 24
240 309 29
240 970 69
241 840 50
241 609 18
242 731 40
242 734 40
242 853 63
242 421 25
243 522 1
243 667 63
243 826 41
244 992 27
244 439 62
244 834 86
244 985 39
244 374 37
245 542 87
245 717 56
245 893 47
245 281 31
245 775 53
245 740 30
246 472 57
246 436 57
246 881 59
246 735 37
247 311 32
247 446 25
247 793 57
247 679 57
247 795 47
248 257 1
248 273 55
248 298 39
248 369 78
248 465 22
248 982 54
248 432 28
248 696 76
249 422 49
249 617 41
249 767 36
249 709 48
249 445 84
249 857 1
250 514 38
250 275 73
250 416 68
251 682 66
251 961 26
251 577 51
252 515 62
253 275 59
253 288 75
253 380 23
253 440 50
253 387 91
253 964 49
254 255 53
254 636 47
254 954 1
254 682 60
255 847 34
256 586 24
256 804 31
256 701 75
256 851 64
256 933 28
256 809 95
256 698 82
257 600 43
257 584 19
258 429 5
259 524 1
259 333 81
259 843 23
260 297 54
260 350 35
260 733 32
260 867 94
260 875 39
260 538 50
261 536 37
261 938 40
261 316 40
261 658 23
261 609 58
262 351 32
262 370 72
262 745 26
262 763 31
262 982 41
262 772 32
262 833 47
263 420 50
263 305 8
263 475 79
263 309 79
264 705 67
264 582 69
264 475 74
265 418 85
265 423 76
266 833 40
266 994 101
267 343 72
267 841 31
267 397 62
267 641 39
267 737 39
267 568 62
267 865 35
268 274 22
268 376 60
268 452 32
268 499 34
268 522 94
268 578 79
268 908 84
268 979 31
269 592 53
269 473 7
269 759 59
269 659 19
269 710 95
269 391 24
270 271 40
270 453 89
270 462 52
270 850 36
270 369 63
270 329 54
270 747 63
270 333 44
270 346 64
271 477 63
272 433 57
272 451 60
272 442 20
272 565 46
272 366 63
273 500 56
273 434 48
273 426 54
273 880 44
274 481 1
274 589 57
274 758 30
274 291 36
274 802 86
275 962 33
275 577 35
275 466 93
276 348 1
276 751 23
276 914 60
277 557 66
277 619 44
277 484 22
277 419 64
277 785 70
278 550 53
278 722 84
278 640 30
278 314 102
278 603 73
278 465 37
278 456 54
278 438 68
279 368 23
279 401 31
279 474 18
279 776 69
279 418 105
279 412 38
280 560 78
280 884 52
280 290 62
280 769 1
280 796 26
281 396 53
281 556 42
281 651 20
281 923 47
281 420 29
282 349 101
282 477 59
282 973 40
282 450 59
282 716 48
282 604 32
282 420 12
283 919 59
283 631 37
284 478 42
284 667 51
285 828 68
285 291 14
285 982 42
285 834 1
285 293 34
285 500 62
286 456 1
286 572 32
286 714 52
286 721 82
286 974 67
286 620 35
286 303 52
287 566 52
287 638 28
287 679 99
287 676 60
287 712 51
287 657 42
287 922 19
288 673 37
288 847 11
288 889 54
288 866 34
288 832 73
289 722 39
289 497 20
289 771 82
290 414 31
290 992 58
290 668 3
290 759 55
291 520 68
291 670 56
291 733 101
292 503 75
292 685 19
292 739 48
292 938 47
292 756 16
292 375 66
293 746 54
293 809 62
294 390 81
294 987 46
294 478 50
294 537 27
294 859 58
294 618 99
295 419 117
295 835 78
296 750 54
296 743 1
297 364 39
297 625 37
297 726 74
297 823 94
297 474 26
297 840 35
298 824 37
298 908 66
298 812 47
298 732 50
298 391 36
299 422 1
299 458 43
299 965 62
299 519 71
299 841 25
299 397 18
300 517 21
300 423 29
300 691 13
300 519 56
300 593 68
300 380 1
300 847 54
300 690 28
300 758 69
300 685 44
300 878 25
301 389 22
301 602 79
302 339 1
302 958 90
302 360 40
302 629 23
302 858 9
302 628 53
303 367 23
303 482 24
303 949 41
303 978 49
303 628 48
304 418 27
304 705 45
305 775 71
305 616 51
305 791 39
305 960 55
305 336 21
305 763 77
305 865 97
306 619 42
306 952 46
306 622 44
306 487 24
307 978 35
307 960 51
307 421 52
307 929 23
308 371 90
308 403 44
308 614 24
308 729 84
308 763 37
308 840 1
308 350 21
308 829 78
309 485 65
309 595 34
309 722 31
310 479 39
310 428 82
311 483 95
311 367 86
311 768 55
311 999 36
312 332 29
312 519 33
312 528 32
312 761 104
312 456 44
312 958 56
312 967 41
313 346 32
313 769 66
313 991 66
313 487 90
314 484 49
314 601 30
314 797 11
315 546 63
315 763 68
315 331 79
316 361 23
316 510 19
316 500 35
316 544 36
317 765 49
317 661 23
317 529 85
317 774 76
318 381 38
318 497 44
318 543 116
318 978 55
318 967 32
318 990 80
319 628 45
319 955 90
319 972 66
319 328 56
320 573 32
320 449 46
320 817 48
320 864 55
320 342 41
321 971 21
321 543 44
321 430 52
322 377 60
322 675 13
322 759 54
322 643 82
322 923 52
323 727 3
323 477 65
323 419 89
323 722 56
324 666 70
324 342 55
325 991 58
325 1000 56
326 334 7
327 994 71
327 915 27
327 742 55
327 509 74
327 524 82
328 495 37
328 377 40
328 620 39
329 372 57
329 714 57
329 688 15
330 696 57
330 844 64
330 907 40
330 625 45
330 524 1
330 443 43
330 928 69
330 970 65
331 756 46
332 481 52
332 740 48
333 695 70
333 948 38
333 875 40
333 868 40
334 883 68
334 440 19
334 438 72
334 387 48
334 459 47
334 947 55
334 693 98
335 366 48
335 661 8
335 635 64
336 527 32
336 957 10
336 447 33
336 886 72
336 732 36
336 358 68
336 725 39
337 437 68
337 627 50
337 755 48
337 673 3
337 649 14
337 531 49
338 548 97
338 765 57
338 748 54
338 633 67
338 481 1
339 624 69
339 631 97
340 595 33
340 903 46
341 575 31
341 686 22
341 785 76
342 421 71
342 470 43
342 483 53
343 523 107
343 771 68
343 408 42
343 944 14
343 809 37
344 576 84
344 641 13
345 926 9
345 411 47
345 750 68
345 694 13
346 595 50
346 817 79
347 549 83
347 764 29
347 453 1
348 357 51
348 836 51
348 901 41
348 721 43
348 601 69
348 495 1
348 503 68
348 932 63
349 712 57
349 849 102
349 954 49
349 677 103
349 718 21
349 715 39
350 415 9
350 893 35
350 671 1
351 986 63
351 385 59
351 753 40
351 865 40
352 800 75
352 896 22
352 936 71
352 415 46
354 402 58
354 675 34
354 546 29
355 642 42
355 413 59
356 610 48
356 498 41
357 512 83
357 929 35
357 428 49
357 951 42
357 835 20
357 710 58
357 802 95
358 563 80
358 439 40
358 404 40
358 362 11
359 787 65
359 669 28
359 891 79
359 684 68
359 448 98
360 454 32
360 471 15
361 735 65
362 545 64
362 851 93
363 570 50
363 731 62
363 563 1
363 801 63
363 714 78
363 995 39
364 435 49
364 689 27
364 749 38
364 613 43
365 683 34
365 807 68
365 413 61
365 369 44
365 849 40
366 884 39
366 955 134
366 574 63
366 971 47
366 445 17
368 430 44
368 590 100
368 745 5
369 508 66
369 911 56
369 634 62
369 457 35
369 479 93
370 467 55
370 412 13
370 651 52
370 563 20
371 771 46
371 923 41
373 391 110
373 826 36
373 956 17
373 775 89
374 560 48
374 687 41
374 844 1
375 398 46
375 700 37
375 443 10
376 653 58
376 985 54
376 958 1
377 889 29
378 382 1
378 429 91
378 574 48
379 490 16
379 764 45
379 510 57
380 544 59
380 416 84
380 471 70
380 446 36
380 870 48
381 559 50
381 846 76
381 715 85
382 995 36
382 556 6
382 745 44
383 574 17
384 870 58
385 981 49
385 771 45
386 424 24
386 511 32
386 671 89
386 681 57
386 942 64
386 458 84
387 557 59
387 610 27
387 565 59
388 469 61
388 610 25
389 611 48
389 454 23
389 621 82
389 670 75
389 407 73
390 412 47
390 507 50
390 605 34
390 423 7
390 729 42
391 460 45
391 519 48
392 793 47
392 417 17
392 626 54
392 994 36
392 615 27
393 396 99
393 468 14
393 768 48
393 997 45
394 809 22
394 942 72
395 959 50
395 936 53
395 783 48
396 873 69
396 906 41
396 815 47
396 770 56
396 695 120
397 447 40
398 635 73
398 948 1
398 999 52
399 577 75
399 654 24
399 506 4
399 511 29
400 487 67
400 899 59
400 989 67
400 661 53
400 412 51
400 837 32
401 432 58
401 592 95
401 880 1
402 981 81
403 514 49
403 687 51
404 907 49
404 563 38
404 980 68
404 746 49
405 417 27
405 588 58
405 674 30
405 881 11
405 926 55
405 493 44
405 830 20
406 676 51
406 410 45
406 873 36
407 975 51
407 803 24
408 955 51
408 987 48
408 474 53
409 813 39
409 632 62
410 779 25
410 752 50
412 803 39
412 603 112
412 968 93
412 699 95
412 865 43
413 430 41
413 979 44
414 697 49
414 837 72
414 851 67
414 451 65
414 908 25
415 737 62
415 973 37
415 916 89
415 954 1
416 932 126
417 763 72
417 968 62
418 437 89
418 671 65
418 502 21
419 513 36
419 484 49
419 872 9
419 986 52
420 795 52
420 903 56
420 887 59
421 525 44
421 942 50
421 759 90
421 596 71
422 567 38
423 880 31
423 498 11
423 528 36
423 967 15
424 920 1
425 668 33
425 820 39
425 998 72
425 672 68
426 660 65
426 569 101
427 961 43
427 964 20
427 939 63
428 671 52
428 596 32
428 780 18
428 689 28
428 595 38
429 941 90
429 802 80
429 623 32
429 570 49
429 574 18
429 1000 53
430 605 100
430 739 30
431 655 40
431 924 30
432 453 90
432 533 57
432 634 47
432 521 9
432 811 29
433 548 26
433 562 39
434 990 25
434 722 95
434 605 49
435 664 58
435 485 85
435 534 69
436 932 46
436 601 1
436 906 34
437 704 38
437 918 59
438 794 53
439 585 71
439 953 87
439 595 50
440 997 65
440 726 95
440 965 19
441 714 12
441 533 65
441 856 60
442 863 74
442 992 32
442 867 20
442 585 1
444 894 95
444 712 43
445 569 73
445 678 1
445 715 80
445 942 38
446 525 66
446 649 47
446 894 14
447 666 45
447 573 68
448 818 42
448 927 52
448 676 65
449 583 61
449 732 36
449 850 30
450 964 48
451 539 1
451 769 31
451 511 34
452 767 63
452 465 99
453 898 27
453 944 43
453 726 73
454 784 59
454 608 30
454 511 55
455 476 40
455 595 29
455 461 65
456 641 15
456 929 33
456 932 1
456 970 63
457 548 10
457 554 59
457 576 44
457 962 47
457 523 22
457 958 39
458 605 24
458 776 1
458 612 21
459 526 102
459 700 93
459 653 43
460 991 58
460 584 71
461 579 49
461 693 29
461 528 63
461 605 12
462 771 22
462 868 77
463 649 56
463 956 86
463 832 51
463 587 7
464 977 48
464 999 96
465 942 51
465 824 73
465 984 38
466 607 61
466 593 69
467 537 46
467 719 56
467 760 61
467 578 81
467 960 53
467 802 93
469 863 47
469 944 11
469 698 67
469 874 15
469 700 108
469 760 63
469 965 3
470 914 33
471 597 4
471 811 49
471 709 47
471 934 94
471 562 71
472 959 79
472 809 41
472 577 60
472 660 114
472 646 36
472 946 88
474 587 47
475 720 38
475 559 31
475 852 42
475 631 53
476 495 88
476 841 60
476 515 109
477 814 73
477 965 44
477 587 33
477 787 55
477 525 47
477 731 52
478 631 54
479 703 4
479 551 72
479 834 47
480 715 34
480 790 79
481 951 37
481 933 27
481 882 1
481 725 34
481 855 39
483 980 65
483 523 34
484 812 18
484 719 74
484 527 70
485 535 48
485 840 61
485 948 29
485 903 36
485 773 74
486 584 50
486 942 59
486 617 37
488 850 41
488 811 28
489 721 94
489 977 62
489 632 56
490 505 61
490 692 21
490 841 71
490 511 13
490 589 79
490 738 85
491 496 78
491 705 15
491 877 80
491 665 29
491 682 67
492 512 32
492 577 1
492 972 69
492 935 65
492 552 45
492 642 53
493 609 64
493 681 79
493 823 37
494 561 31
495 738 63
495 866 38
495 935 65
496 647 62
496 874 44
496 700 52
497 551 54
497 947 68
497 543 37
497 916 45
498 913 19
498 923 47
498 709 49
499 953 44
499 580 56
499 692 62
500 922 42
500 805 60
501 543 56
502 756 76
502 674 63
502 732 54
503 837 47
503 542 85
503 851 15
504 657 46
504 696 47
504 805 32
504 985 43
504 514 73
505 858 43
505 932 55
506 562 75
506 665 44
506 729 57
507 981 66
507 552 61
508 703 13
508 852 63
509 644 44
509 517 23
510 951 33
511 596 27
512 810 41
512 763 5
512 688 70
512 671 56
513 792 28
513 852 67
514 1000 52
514 621 62
515 753 33
515 743 62
515 672 53
515 557 87
516 521 7
516 679 33
516 881 23
516 793 58
517 878 66
517 665 108
517 990 65
518 809 109
518 643 21
519 615 37
519 839 64
519 905 49
520 646 54
520 579 9
521 775 33
521 673 115
521 641 39
522 571 91
522 580 67
523 559 95
524 891 18
524 840 77
525 990 53
526 946 58
526 580 93
526 540 62
526 990 64
527 827 33
527 918 57
527 625 15
528 798 18
529 540 65
529 651 56
529 538 45
530 595 47
530 906 45
531 653 95
531 686 37
531 641 20
531 899 64
531 984 67
531 716 58
531 660 56
532 872 42
532 681 68
532 983 44
533 706 58
533 680 53
534 658 69
534 857 89
534 640 36
534 787 41
535 691 74
535 742 26
535 857 50
535 894 1
535 544 53
537 978 57
538 921 1
538 796 58
538 919 45
538 690 60
540 724 56
541 789 70
542 778 54
542 715 72
542 932 9
542 864 59
542 872 54
543 775 31
543 858 79
544 716 49
544 999 49
545 991 41
546 690 41
546 989 74
547 697 38
547 782 37
548 784 35
548 795 3
549 812 78
549 709 46
550 883 38
551 795 78
552 598 67
552 796 82
552 629 65
553 591 53
553 736 57
553 910 60
553 786 34
553 837 57
553 715 39
553 795 35
553 724 58
553 901 13
553 627 99
554 632 43
554 852 67
554 567 43
554 660 28
554 665 86
555 613 49
555 749 51
555 926 55
555 570 41
555 743 34
556 936 24
556 909 39
556 948 40
557 992 83
559 633 46
561 654 48
561 631 8
562 780 6
562 876 79
562 822 56
562 852 41
563 981 33
563 891 81
564 639 72
564 673 115
565 616 54
565 757 81
565 595 31
565 993 59
566 949 78
567 626 39
567 858 65
567 721 34
567 595 22
568 955 33
568 866 87
569 698 58
569 714 82
569 799 28
569 827 1
569 939 38
570 583 55
571 976 55
571 710 59
571 905 97
572 860 54
572 735 82
573 998 119
574 621 1
574 644 70
574 781 80
574 699 43
574 656 1
574 952 12
575 772 17
576 929 73
576 579 54
577 805 13
577 909 71
577 958 70
578 669 8
578 680 65
578 970 39
579 652 1
579 834 40
579 608 85
579 798 66
580 821 41
580 837 64
580 587 37
581 758 1
582 858 75
582 894 55
582 830 84
582 969 28
583 630 32
583 944 58
583 868 72
584 773 51
585 600 64
585 890 28
585 967 7
585 924 53
586 753 48
586 805 53
586 709 29
586 591 92
586 909 60
587 952 51
588 753 36
588 984 15
588 695 76
589 797 73
589 977 25
589 855 68
590 819 47
590 591 67
591 643 50
591 938 65
592 939 22
592 948 12
592 903 79
592 946 43
592 697 75
593 961 57
593 939 56
593 682 8
593 652 39
594 822 71
595 952 33
595 876 41
595 649 69
595 714 71
597 768 40
599 818 69
601 610 96
601 680 33
602 778 1
602 949 2
603 642 81
603 859 62
604 763 48
605 716 29
605 652 52
606 806 27
607 950 46
608 952 11
609 662 40
610 887 22
610 983 1
611 750 38
611 980 30
611 680 59
612 651 58
612 973 43
613 715 1
613 619 51
614 836 1
614 822 58
614 734 31
615 889 36
615 911 45
615 744 15
616 855 50
616 859 42
617 911 43
617 847 75
617 839 40
618 704 3
619 633 58
619 697 7
620 992 55
620 833 58
621 918 55
622 815 27
622 793 41
622 739 65
623 748 39
623 848 45
623 971 40
623 904 34
624 680 49
624 777 32
624 823 1
624 761 27
625 634 68
625 734 73
625 860 60
625 875 74
625 905 53
626 781 69
626 845 74
626 798 49
626 641 33
626 699 22
626 897 14
626 750 52
627 917 65
627 702 58
627 782 25
628 718 19
628 783 55
628 733 104
630 724 71
631 806 25
631 866 38
633 946 69
634 802 37
634 994 21
634 975 53
635 695 66
636 818 32
636 737 73
637 643 37
639 999 24
640 688 51
641 916 92
641 982 42
642 997 71
643 898 81
644 913 51
645 882 1
645 851 39
646 787 112
647 972 78
648 935 36
648 797 58
649 970 64
650 884 56
650 870 40
650 752 30
651 938 16
651 988 42
651 750 57
652 677 45
653 860 60
654 805 37
655 759 75
655 870 96
660 969 18
660 780 16
660 860 51
661 868 58
663 910 68
663 924 48
664 706 72
666 882 32
668 673 100
668 705 20
668 911 54
669 717 22
669 768 47
670 837 52
671 707 39
671 723 59
671 971 34
672 764 70
672 936 93
674 904 51
674 701 62
678 975 33
678 951 73
679 762 29
679 729 40
679 727 27
680 889 14
680 775 45
680 745 36
680 714 44
681 877 12
682 976 34
682 875 51
683 689 61
683 929 58
684 774 47
685 964 35
685 816 74
685 806 11
686 955 76
686 752 57
687 784 69
688 770 93
689 866 110
689 862 37
689 736 42
690 806 13
691 896 15
691 720 116
692 789 17
693 897 125
694 743 38
696 822 44
696 739 49
697 735 80
697 751 86
698 856 57
698 771 56
698 843 4
702 791 31
703 939 49
703 757 31
704 870 43
705 966 94
705 934 32
708 723 39
708 835 43
709 859 21
710 799 59
710 822 79
710 975 28
711 831 86
711 859 14
711 953 64
711 796 29
712 897 1
712 729 55
712 909 33
712 766 1
713 854 60
713 752 82
713 829 89
713 973 56
713 795 33
714 861 43
716 961 84
717 874 63
717 906 50
718 833 10
718 869 6
718 959 60
719 974 95
719 844 54
721 953 80
721 942 68
722 761 58
724 951 68
724 977 36
725 738 49
726 922 70
726 833 80
726 954 39
728 876 56
730 978 29
731 826 79
731 814 54
732 975 64
732 765 65
732 841 51
732 906 42
733 751 71
733 902 50
735 861 76
735 859 62
735 896 54
735 783 37
736 782 25
737 754 88
737 858 81
737 769 46
738 760 42
738 878 33
739 849 78
740 790 90
740 813 22
741 886 42
741 989 48
741 882 27
741 982 47
742 900 39
743 805 58
743 911 70
744 870 62
745 919 91
747 771 67
748 811 52
749 935 43
750 837 26
751 902 49
752 846 67
755 765 53
755 864 62
757 954 50
758 938 12
758 954 21
759 822 43
760 808 62
761 797 71
761 847 56
762 949 36
763 994 96
763 795 2
764 766 74
765 859 96
766 844 2
766 872 37
766 860 52
768 819 62
768 989 33
768 981 76
769 834 1
769 871 62
769 843 25
772 934 29
772 973 94
772 845 1
772 785 49
773 808 8
774 906 62
777 937 99
778 960 81
779 804 67
779 966 27
779 913 45
779 823 13
780 832 62
780 968 44
781 798 38
781 923 17
784 903 37
784 839 67
784 922 27
784 909 79
785 805 1
785 876 29
785 865 58
785 933 91
786 963 12
786 839 57
788 825 1
788 939 96
788 800 27
790 817 64
790 798 59
791 922 51
792 865 30
792 793 12
793 973 37
793 958 26
798 873 56
798 889 60
798 996 25
800 827 23
801 972 38
801 965 6
803 933 39
803 995 69
805 994 34
805 864 43
806 903 85
808 854 65
809 926 36
809 972 1
810 866 110
811 870 45
812 856 56
812 825 8
815 885 87
817 867 37
818 994 9
821 982 28
822 994 11
823 997 57
826 963 53
826 884 47
831 995 53
831 970 39
832 859 23
833 884 1
834 899 65
835 957 44
836 948 36
837 868 52
837 980 62
838 842 1
838 857 78
840 958 42
845 905 54
847 922 54
848 941 96
849 952 21
850 862 76
850 856 10
851 926 20
852 933 87
852 869 37
853 855 57
853 984 10
854 959 1
855 964 1
856 970 6
858 956 110
860 867 16
860 996 105
860 921 42
869 982 35
872 931 17
872 918 53
872 880 35
873 935 82
874 955 31
874 959 70
875 897 39
880 956 11
881 985 65
882 901 72
883 968 39
884 996 61
887 901 43
888 928 49
888 927 48
893 905 52
895 991 52
899 913 86
903 941 91
905 955 23
905 924 117
906 999 54
907 955 47
910 940 41
912 940 82
913 934 73
914 998 47
916 917 90
919 939 31
930 939 67
952 962 56
957 974 52
972 979 51
981 993 82
