1 2 46
1 4 62
1 10 22
1 59 53
1 39 98
1 97 63
2 3 38
2 8 56
2 31 25
2 60 1
2 29 88
2 49 41
2 21 93
2 74 29
2 51 63
2 52 67
3 6 86
3 23 27
3 27 50
3 55 57
3 73 50
3 24 68
3 93 95
3 47 18
4 5 74
4 7 39
4 17 53
4 40 87
4 66 42
4 100 23
4 94 64
4 10 1
5 9 40
5 61 66
5 65 1
5 58 67
5 74 38
5 92 77
6 12 53
6 14 82
6 19 58
6 45 45
6 63 91
6 71 59
6 46 1
6 58 56
6 66 80
7 32 69
7 33 62
7 60 77
7 69 26
7 89 12
7 80 57
7 70 41
8 20 13
8 69 83
8 15 51
8 56 23
8 22 85
8 85 34
9 15 36
9 51 53
9 52 52
9 62 36
9 29 64
9 83 69
10 11 59
10 49 58
10 56 30
10 91 87
10 86 22
10 99 52
11 45 82
11 73 41
11 94 59
11 57 45
11 71 47
11 17 83
12 13 1
12 39 118
12 64 95
13 28 32
13 38 67
13 64 70
13 70 65
13 76 100
13 51 13
13 33 58
14 18 23
14 44 60
14 49 39
14 34 54
14 69 24
15 16 30
15 21 56
15 22 103
15 24 50
15 50 50
15 89 54
15 100 14
16 43 39
16 80 68
16 99 86
16 27 1
16 49 75
16 65 18
16 68 30
17 25 45
17 88 45
17 52 28
17 55 57
18 95 63
18 45 84
18 23 46
19 29 10
19 67 28
19 89 20
20 27 1
20 82 99
20 55 76
20 88 47
21 30 88
21 35 107
21 36 21
22 37 37
22 27 62
22 68 50
22 42 7
23 26 29
23 37 52
23 96 1
24 34 61
24 56 1
24 83 26
24 50 27
24 38 9
24 69 46
24 26 65
24 97 58
24 55 49
25 65 32
25 46 41
26 73 34
26 74 62
26 53 42
26 49 58
26 31 68
26 88 83
27 36 44
27 41 8
27 46 71
27 55 39
27 83 33
27 66 61
28 35 53
28 48 10
28 53 49
28 77 30
28 84 50
29 71 15
29 86 34
30 42 59
30 68 75
30 60 36
30 90 68
30 85 52
30 91 15
30 100 73
31 44 99
31 83 38
32 65 55
32 97 49
32 85 91
32 67 96
33 63 13
33 75 63
33 38 53
34 82 20
34 64 59
34 73 1
35 82 1
35 54 90
35 52 50
36 55 55
37 43 113
37 67 30
38 82 55
38 90 42
38 63 83
38 49 32
39 78 52
39 74 66
39 70 63
39 44 78
39 52 35
40 87 47
40 62 1
40 46 1
40 67 2
40 57 116
40 70 64
41 54 46
41 79 66
42 92 34
42 88 93
43 90 87
44 72 27
45 47 23
45 80 84
45 99 5
45 97 24
45 100 71
45 82 43
45 50 62
46 90 65
46 59 37
46 73 22
46 64 39
46 92 42
47 57 58
47 85 46
47 73 26
47 58 30
47 56 77
48 75 75
48 98 27
48 78 57
48 74 58
49 58 110
49 64 36
49 96 1
49 99 53
49 80 31
49 71 112
50 76 41
50 69 41
50 58 67
51 81 22
51 93 28
51 57 74
51 69 77
51 65 25
51 58 40
53 98 33
53 85 62
53 68 57
54 75 77
55 65 12
57 65 46
57 84 35
57 76 57
57 80 48
58 89 82
59 92 23
59 86 44
60 83 43
60 82 93
60 62 18
61 94 13
61 88 43
61 80 70
62 67 51
62 78 55
62 88 35
62 96 26
62 74 55
62 93 43
62 82 50
63 70 68
63 79 63
63 64 76
64 73 68
64 65 37
65 74 20
65 99 54
66 93 62
67 75 49
68 92 78
68 83 16
68 76 49
68 91 72
69 76 82
70 97 10
70 95 63
71 92 54
71 80 77
71 79 75
71 84 42
72 93 70
73 80 57
74 89 44
74 82 87
76 86 87
76 91 43
77 91 104
77 89 50
78 98 21
79 91 42
88 91 37
88 98 43
