1061 1.5713003442703808 0.6766723842195541
2343 1.2452551820126772 0.7164093767867352
3625 1.0682906859972823 0.7449971412235563
4907 0.9563289531238595 0.7615780445969125
6189 0.8782870530266124 0.7767295597484276
7471 0.8204339523241215 0.7910234419668382
8753 0.7756987951628073 0.7990280160091481
10035 0.7400061927088258 0.8067467124070897
11317 0.7108162050095942 0.8147512864493996
12599 0.6864562914496135 0.8224699828473413
13881 0.665779373788114 0.8281875357347055
15163 0.6479733466200045 0.8316180674671241
16445 0.6324480818842909 0.8367638650657518
17727 0.6187651565345723 0.839622641509434
19009 0.6065925102419963 0.8433390508862206
20291 0.5956743039140737 0.8464837049742711
21573 0.5858103768073167 0.8496283590623213
22855 0.5768419414920521 0.8522012578616353
24137 0.5686414323887236 0.8544882790165809
25419 0.5611051788963692 0.857347055460263
26701 0.5541480354310174 0.8590623213264723
27983 0.5476993900595775 0.8593481989708405
29265 0.5417001591633265 0.8610634648370498
30547 0.5361004972323538 0.8627787307032591
31829 0.5308580320321892 0.8647798742138365
33111 0.5259364903802486 0.8656375071469411
34393 0.5213046176009707 0.866781017724414
35675 0.5169353201079646 0.8679245283018868
36957 0.512804979188379 0.8679245283018868
38239 0.50889289737283 0.8679245283018868
39521 0.5051808483872349 0.8693539165237278
40803 0.5016527086992297 0.8702115494568325
42085 0.49829415384304443 0.8716409376786736
43367 0.49509240655383036 0.8730703259005146
44649 0.4920360266294114 0.873642081189251
45931 0.48911473462256555 0.8744997141223556
47213 0.4863192631337453 0.8744997141223556
48495 0.48364123075559345 0.8762149799885649
49777 0.48107303471275503 0.8767867352773013
51059 0.47860775901415376 0.8782161234991424
52341 0.4762390955421608 0.8785020011435106
53623 0.4739612759827661 0.879073756432247
54905 0.4717690128820252 0.8802172670097198
56187 0.4696574484188481 0.8807890222984562
57469 0.46762210972905294 0.8810748999428245
58751 0.4656588698135765 0.8816466552315609
60033 0.4637639132244378 0.8819325328759291
61315 0.4619337058532638 0.8825042881646655
62597 0.4601649682547284 0.8836477987421384
63879 0.4584546520258192 0.8833619210977701
65161 0.45679991883520094 0.8842195540308748
66443 0.455198121757632 0.8847913093196113
67725 0.4536467886192716 0.8847913093196113
69007 0.4521436071020899 0.8850771869639794
70289 0.4506864113912197 0.8856489422527158
71571 0.4492731701792283 0.8853630646083477
72853 0.44790197586656266 0.8850771869639794
74135 0.44657103481914195 0.8847913093196113
75417 0.4452786585622067 0.8847913093196113
76699 0.44402325580539415 0.8856489422527158
77981 0.4428033252072242 0.885934819897084
79263 0.4416174487988113 0.885934819897084
80545 0.4404642859963961 0.8862206975414523
81827 0.4393425681409457 0.885934819897084
83109 0.43825109351032715 0.8865065751858204
84391 0.43718872275605075 0.8867924528301887
85673 0.4361543747220908 0.8873642081189251
86955 0.4351470226081616 0.8876500857632933
88237 0.43416569044403186 0.8885077186963979
89519 0.4332094498451561 0.8885077186963979
90801 0.4322774170231703 0.8887935963407662
92083 0.43136875002761205 0.8890794739851343
93365 0.43048264619774185 0.8893653516295026
94647 0.4296183398055488 0.8893653516295026
95929 0.4287750998729914 0.8893653516295026
97211 0.42795222814819145 0.889937106918239
98493 0.427149057226907 0.889937106918239
99775 0.42636494880689807 0.8902229845626072
101057 0.42559929206405717 0.8902229845626072
102339 0.42485150214019435 0.8902229845626072
103621 0.4241210187333931 0.8905088622069754
104903 0.42340730478265887 0.8905088622069754
106185 0.42270984523934485 0.8907947398513436
107467 0.42202814591858484 0.8916523727844483
108749 0.42136173242449554 0.8916523727844483
110031 0.4207101491435456 0.8916523727844483
111313 0.42007295830089586 0.8919382504288165
112595 0.41944973907508265 0.8919382504288165
113877 0.41884008676668644 0.89136649514008
115159 0.418243612017101 0.8916523727844483
116441 0.417659940073786 0.89136649514008
117723 0.417088710098719 0.89136649514008
119005 0.416529574517001 0.8910806174957119
120287 0.4159821984028506 0.89136649514008
121569 0.41544625890043163 0.8910806174957119
122851 0.4149214446771297 0.8910806174957119
124133 0.41440745540714696 0.89136649514008
125415 0.4139040012833867 0.8916523727844483
126697 0.41341080255577267 0.8919382504288165
127979 0.41292758909433075 0.8922241280731846
129261 0.4124540999754162 0.8927958833619211
130543 0.41199008308963636 0.8925100057175529
131825 0.41153529477011874 0.8922241280731846
133107 0.41108949943985756 0.8922241280731846
134389 0.41065246927698834 0.8919382504288165
135671 0.4102239838968817 0.8919382504288165
136953 0.40980383005007204 0.8916523727844483
138235 0.4093918013350757 0.8919382504288165
139517 0.4089876979252213 0.8919382504288165
140799 0.40859132630867495 0.8919382504288165
142081 0.4082024990409391 0.8919382504288165
143363 0.4078210345090511 0.8916523727844483
144645 0.407446756706888 0.8916523727844483
145927 0.40707949502091084 0.8916523727844483
147209 0.4067190840258096 0.8916523727844483
148491 0.4063653632894704 0.8916523727844483
149773 0.4060181771867933 0.8919382504288165
151055 0.4056773747218672 0.8922241280731846
152337 0.4053428093580617 0.8919382504288165
153619 0.40501433885561683 0.8919382504288165
154901 0.4046918251163564 0.8925100057175529
156183 0.40437513403511544 0.8930817610062893
157465 0.4040641353575963 0.8930817610062893
158747 0.40375870254427965 0.8933676386506575
160029 0.40345871264008887 0.8930817610062893
161311 0.4031640461495633 0.8930817610062893
162593 0.4028745869172139 0.8933676386506575
163875 0.4025902220128279 0.8933676386506575
165157 0.4023108416215095 0.8936535162950258
166439 0.40203633893816965 0.8936535162950258
167721 0.40176661006631476 0.8936535162950258
169003 0.40150155392087467 0.8936535162950258
170285 0.4012410721349276 0.8936535162950258
171567 0.40098506897009567 0.8942252715837622
172849 0.4007334512304708 0.8942252715837622
174131 0.40048612817991475 0.8945111492281304
175413 0.4002430114625369 0.8942252715837622
176695 0.40000401502625377 0.8939393939393939
177977 0.3997690550492586 0.8939393939393939
179259 0.3995380498692891 0.8945111492281304
180541 0.3993109199155692 0.8942252715837622
181823 0.39908758764327973 0.8942252715837622
183105 0.3988679774704887 0.8942252715837622
184387 0.3986520157174152 0.8942252715837622
185669 0.3984396305479048 0.8942252715837622
186951 0.3982307519130678 0.8942252715837622
188233 0.3980253114969372 0.8942252715837622
189515 0.3978232426641163 0.8945111492281304
190797 0.39762448040926923 0.8947970268724985
192079 0.39742896130844235 0.8947970268724985
193361 0.39723662347208855 0.8953687821612349
194643 0.39704740649974324 0.8953687821612349
195925 0.39686125143631806 0.8956546598056032
197207 0.39667810072986415 0.8959405374499714
198489 0.3964978981908494 0.8959405374499714
199771 0.39632058895278444 0.8962264150943396
201053 0.3961461194342418 0.8965122927387078
202335 0.39597443730213483 0.8967981703830761
203617 0.3958054914362537 0.8967981703830761
204899 0.3956392318949775 0.8967981703830761
206181 0.3954756098821538 0.8973699256718125
207463 0.39531457771506057 0.8979416809605489
208745 0.39515608879344516 0.8979416809605489
210027 0.39500009756956084 0.8979416809605489
211309 0.3948465595191981 0.8976558033161807
212591 0.39469543111365696 0.8979416809605489
213873 0.3945466697926224 0.8982275586049171
215155 0.394400233937909 0.8982275586049171
216437 0.39425608284806185 0.8987993138936535
217719 0.39411417671375004 0.8987993138936535
219001 0.39397447659394785 0.8987993138936535
220283 0.39383694439286293 0.8985134362492853
221565 0.3937015428375989 0.8987993138936535
222847 0.39356823545650055 0.8990851915380217
224129 0.3934369865581808 0.89937106918239
225411 0.39330776121119665 0.8999428244711264
226693 0.39318052522433866 0.8996569468267581
227975 0.39305524512754375 0.8996569468267581
229257 0.3929318881533677 0.8996569468267581
230539 0.39281042221902973 0.8996569468267581
231821 0.39269081590900917 0.8999428244711264
233103 0.3925730384581354 0.8999428244711264
234385 0.3924570597352128 0.8999428244711264
235667 0.39234285022711984 0.9002287021154946
236949 0.3922303810233688 0.8999428244711264
238231 0.3921196238011416 0.900800457404231
239513 0.3920105508107495 0.900800457404231
240795 0.3919031348615173 0.9005145797598628
242077 0.39179734930808446 0.9002287021154946
243359 0.39169316803709836 0.900800457404231
244641 0.39159056545428317 0.9010863350485991
245923 0.3914895164718991 0.9013722126929674
247205 0.39138999649653894 0.9013722126929674
248487 0.3912919814172789 0.9016580903373357
249769 0.39119544759417135 0.9016580903373357
251051 0.39110037184703705 0.9019439679817038
252333 0.3910067314446107 0.9019439679817038
253615 0.3909145040939514 0.902229845626072
254897 0.3908236679301702 0.9025157232704403
256179 0.39073420150643257 0.9028016009148084
257461 0.3906460837842346 0.9030874785591767
258743 0.39055929412395374 0.9030874785591767
260025 0.390473812275651 0.9030874785591767
261307 0.3903896183701238 0.9030874785591767
262589 0.3903066929102001 0.9030874785591767
263871 0.3902250167622789 0.9033733562035449
265153 0.39014457114806866 0.9033733562035449
266435 0.3900653376365908 0.9033733562035449
267717 0.3899872981363408 0.9036592338479131
268999 0.3899104348877236 0.9036592338479131
270281 0.3898347304556115 0.9036592338479131
271563 0.38976016772216987 0.9039451114922813
272845 0.38968672987982894 0.9042309891366496
274127 0.3896144004244386 0.9042309891366496
275409 0.38954316314862697 0.9042309891366496
276691 0.38947300213530706 0.9045168667810177
277973 0.3894039017513586 0.9045168667810177
279255 0.3893358466414737 0.9048027444253859
280537 0.38926882172215427 0.9048027444253859
281819 0.3892028121758744 0.9048027444253859
283101 0.3891378034453729 0.9048027444253859
284383 0.38907378122810277 0.9048027444253859
285665 0.3890107314708186 0.9048027444253859
286947 0.38894864036429716 0.9048027444253859
288229 0.3888874943381897 0.9048027444253859
289511 0.38882728005600425 0.9048027444253859
290793 0.3887679844102019 0.9048027444253859
292075 0.38870959451744524 0.9050886220697542
293357 0.388652097713916 0.9050886220697542
294639 0.3885954815507918 0.9059462550028587
295921 0.3885397337898022 0.9059462550028587
297203 0.3884848423989107 0.9059462550028587
298485 0.3884307955480945 0.9059462550028587
299767 0.38837758160522867 0.9059462550028587
301049 0.388325189132064 0.9059462550028587
302331 0.3882736068803091 0.9059462550028587
303613 0.38822282378779877 0.9059462550028587
304895 0.38817282897475586 0.9059462550028587
306177 0.3881236117401448 0.9059462550028587
307459 0.3880751615581093 0.9059462550028587
308741 0.3880274680744881 0.9059462550028587
310023 0.3879805211034226 0.9059462550028587
311305 0.3879343106240369 0.906232132647227
312587 0.3878888267771998 0.906232132647227
313869 0.38784405986234594 0.906232132647227
315151 0.3878000003344059 0.9065180102915952
316433 0.38775663880075883 0.9065180102915952
317715 0.38771396601830227 0.9065180102915952
318997 0.3876719728905557 0.9065180102915952
320279 0.3876306504648422 0.9065180102915952
321561 0.3875899899295336 0.9068038879359634
322843 0.3875499826113641 0.9068038879359634
324125 0.38751061997279174 0.9068038879359634
325407 0.3874718936094233 0.9070897655803316
326689 0.38743379524750843 0.907661520869068
327971 0.3873963167414729 0.9079473985134363
329253 0.3873594500715159 0.9079473985134363
330535 0.38732318734126125 0.9079473985134363
331817 0.3872875207754553 0.9079473985134363
333099 0.3872524427177187 0.9079473985134363
334381 0.38721411347691065 0.9079473985134363
335663 0.38717425724317267 0.9079473985134363
336945 0.3871349848161587 0.9079473985134363
338227 0.3870962888730427 0.9079473985134363
339509 0.3870581622006892 0.9079473985134363
340791 0.38702059769368025 0.9079473985134363
342073 0.3869835883523535 0.9079473985134363
343355 0.38694712728090724 0.9079473985134363
344637 0.3869112076855311 0.9079473985134363
345919 0.38687582287257566 0.9082332761578045
347201 0.38684096624677494 0.9085191538021726
348483 0.3868066313094915 0.9085191538021726
349765 0.3867728116570036 0.9085191538021726
351047 0.3867395009788281 0.9085191538021726
352329 0.38670669305608973 0.9085191538021726
353611 0.38667438175989755 0.9088050314465409
354893 0.3866425610497856 0.9088050314465409
356175 0.3866112249721617 0.9088050314465409
357457 0.3865803676588051 0.9088050314465409
358739 0.3865499833253875 0.9088050314465409
